,NAME,TM,POS,G,M,AJP48,WP48,WP,POP48,PTS,REB,AST
0,,,,,,,,,,,,
1,Zoran Dragic,"PHO, MIA",2.0,16,75,-.012,-.088,-.1,-5.8,17.9,5.1,3.2
2,Zaza Pachulia,MIL,5.0,73,1730,.334,.134,4.8,1.1,16.8,13.9,4.9
3,Zach Randolph,MEM,4.0,71,2304,.341,.140,6.7,1.3,23.8,15.6,3.2
4,Zach LaVine,MIN,1.0,77,1902,.055,-.039,-1.6,-4.3,19.6,5.4,7.0
5,Yuki Togashi,DAL,1.0,0,0,0,0,0,0,0,0,0
6,Xavier Silas,WAS,2.0,0,0,0,0,0,0,0,0,0
7,Xavier Henry,LAL,2.5,9,86,.011,-.065,-.1,-5.1,11.2,2.2,1.7
8,Wilson Chandler,DEN,3.0,78,2471,.166,.090,4.6,-.3,21.1,9.2,2.6
9,Willie Reed,BRK,3.5,0,0,0,0,0,0,0,0,0
10,Willie Green,ORL,2.0,52,951,.038,-.038,-.7,-4.3,15.4,4.0,3.4
11,Will Cherry,"TOR, CLE",1.0,8,69,.002,-.092,-.1,-5.9,10.4,3.5,5.6
12,Will Bynum,(3+),1.0,7,67,-.209,-.303,-.4,-12.5,15.8,4.3,12.9
13,Will Barton,"POR, DEN",2.7,58,983,.184,.108,2.2,.3,19.4,7.9,4.0
14,Wesley Matthews,POR,2.5,60,2024,.243,.167,7.0,2.1,22.7,5.3,3.3
15,Wesley Johnson,LAL,3.0,76,2245,.150,.074,3.5,-.8,16.1,6.8,2.7
16,Wayne Ellington,LAL,2.0,65,1675,.121,.045,1.6,-1.7,18.6,6.0,3.0
17,Vitor Faverani,BOS,5.0,0,0,0,0,0,0,0,0,0
18,Vince Carter,MEM,3.0,66,1091,.084,.007,.2,-2.8,16.9,5.9,3.5
19,Victor Oladipo,ORL,2.0,72,2573,.141,.065,3.5,-1.1,24.1,5.6,5.5
20,Victor Claver,"POR, DEN",3.0,10,76,.219,.143,.2,1.4,15.2,12.6,.6
21,Vernon Macklin,NOR,4.0,0,0,0,0,0,0,0,0,0
22,Vander Blue,LAL,1.0,2,74,-.125,-.219,-.3,-9.9,14.3,5.8,5.2
23,Udonis Haslem,MIA,4.0,62,995,.230,.030,.6,-2.2,12.6,12.4,2.2
24,Tyson Chandler,DAL,5.0,75,2286,.559,.358,17.1,8.1,16.2,18.1,1.8
25,Tyrus Thomas,MEM,4.0,2,7,.657,.457,.1,11.1,27.4,0,6.9
26,Tyreke Evans,NOR,1.1,79,2690,.181,.088,4.9,-.4,23.4,7.4,9.3
27,Tyler Zeller,BOS,5.0,82,1731,.359,.159,5.7,1.9,23.1,12.9,3.1
28,Tyler Johnson,MIA,2.0,32,603,.192,.116,1.5,.5,15.1,6.4,3.3
29,Tyler Hansbrough,TOR,5.0,74,1058,.358,.158,3.5,1.8,12.2,12.0,1.0
30,Tyler Ennis,"PHO, MIL",1.1,33,411,.003,-.088,-.8,-5.8,14.1,4.1,8.5
31,Ty Lawson,DEN,1.0,75,2665,.290,.196,10.9,3.0,20.6,4.2,13.0
32,Troy Daniels,(3+),1.6,47,397,.020,-.063,-.5,-5.0,21.3,4.0,2.7
33,Tristan Thompson,CLE,5.0,82,2194,.392,.191,8.7,2.9,15.2,14.4,.9
34,Trey Johnson,SAC,2.0,0,0,0,0,0,0,0,0,0
35,Trey Burke,UTH,1.0,76,2288,.062,-.032,-1.5,-4.1,20.4,4.3,6.9
36,Trevor Booker,UTH,4.0,79,1564,.292,.091,3.0,-.2,17.4,12.2,2.5
37,Trevor Ariza,HOU,3.1,82,2930,.239,.152,9.3,1.7,17.2,7.5,3.4
38,Travis Wear,NYK,4.0,51,672,.090,-.111,-1.6,-6.5,14.2,7.6,2.9
39,Travis Outlaw,NYK,3.5,0,0,0,0,0,0,0,0,0
40,Toure' Murry,"UTH, WAS",2.0,5,18,-.164,-.240,-.1,-10.5,16.0,2.7,2.7
41,Tony Wroten,PHI,1.3,30,895,.045,-.045,-.8,-4.5,27.2,4.6,8.4
42,Tony Snell,CHI,3.0,72,1412,.186,.110,3.2,.3,14.8,6.0,2.1
43,Tony Parker,SAS,1.0,68,1953,.137,.043,1.8,-1.7,24.0,3.2,8.2
44,Tony Mitchell,"DET, PHO",3.5,0,0,0,0,0,0,0,0,0
45,Tony Allen,MEM,2.7,63,1648,.296,.220,7.5,3.8,15.7,8.2,2.5
46,Toney Douglas,NOR,2.0,12,177,.132,.056,.2,-1.3,13.8,6.0,6.5
47,Tobias Harris,ORL,3.6,68,2369,.216,.069,3.4,-.9,23.6,8.7,2.5
48,Timofey Mozgov,"DEN, CLE",5.0,81,2045,.357,.156,6.7,1.8,18.4,13.9,1.3
49,Tim Hardaway Jr.,NYK,2.0,70,1681,.046,-.030,-1.1,-4.0,23.0,4.5,3.6
50,Tim Hardaway,,1.0,0,0,0,0,0,0,0,0,0
51,Tim Frazier,(3+),1.0,11,239,.075,-.019,-.1,-3.7,11.4,5.6,12.1
52,Tim Duncan,SAS,4.2,77,2227,.438,.237,11.0,4.3,23.1,15.2,5.0
53,Tiago Splitter,SAS,5.0,52,1030,.390,.190,4.1,2.8,19.9,11.7,3.6
54,Thomas Robinson,(3+),4.0,54,798,.334,.133,2.2,1.1,18.5,18.2,2.0
55,Thaddeus Young,"MIN, BRK",4.1,76,2434,.191,-.009,-.5,-3.4,21.1,8.1,3.4
56,Thabo Sefolosha,ATL,2.4,52,976,.316,.239,4.9,4.4,13.7,11.0,3.7
57,Terrence Ross,TOR,3.0,82,2092,.123,.046,2.0,-1.6,18.5,5.2,2.0
58,Terrence Jones,HOU,5.0,33,889,.370,.169,3.1,2.2,20.8,11.9,1.9
59,Tayshaun Prince,(3+),3.0,58,1397,.224,.148,4.3,1.5,14.9,7.2,3.2
60,Tarik Black,"HOU, LAL",5.0,63,1196,.361,.161,4.0,1.9,15.2,14.8,1.7
61,Talib Zanna,OKC,4.0,0,0,0,0,0,0,0,0,0
62,Taj Gibson,CHI,5.0,62,1692,.311,.110,3.9,.4,18.2,11.2,2.0
63,T.J. Warren,PHO,3.0,40,614,.206,.129,1.7,.9,19.2,6.6,2.0
64,Steven Adams,OKC,5.0,70,1771,.349,.149,5.5,1.5,14.6,14.2,1.8
65,Steve Novak,"UTH, OKC",3.5,35,197,.115,-.020,-.1,-3.7,15.4,5.4,2.7
66,Steve Nash,LAL,1.0,0,0,0,0,0,0,0,0,0
67,Steve Blake,POR,1.0,81,1529,.186,.092,2.9,-.2,11.0,4.3,9.0
68,Stephen Holt,CLE,2.0,0,0,0,0,0,0,0,0,0
69,Stephen Curry,GSW,1.0,80,2613,.442,.348,18.9,7.7,34.9,6.3,11.4
70,Spencer Hawes,LAC,5.0,73,1274,.115,-.085,-2.3,-5.7,16.0,9.7,3.3
71,Spencer Dinwiddie,DET,1.2,34,455,.037,-.053,-.5,-4.7,15.3,5.1,11.0
72,Solomon Jones,CHI,4.5,0,0,0,0,0,0,0,0,0
73,Solomon Hill,IND,3.0,82,2381,.183,.106,5.3,.2,14.7,6.3,3.7
74,Sim Bhullar,SAC,5.0,3,3,.774,.574,.0,14.8,32.0,16.0,16.0
75,Shelvin Mack,ATL,1.8,55,833,.160,.080,1.4,-.6,17.2,4.6,8.9
76,Shayne Whittington,IND,5.0,20,108,.329,.129,.3,.9,25.3,12.9,2.7
77,Shawne Williams,(3+),4.0,63,1087,.173,-.024,-.5,-3.8,15.1,7.3,1.9
78,Shawn Marion,CLE,3.9,57,1101,.241,.050,1.1,-1.5,12.0,8.8,2.2
79,Shawn Jones,MIA,4.0,0,0,0,0,0,0,0,0,0
80,Shavlik Randolph,(3+),5.0,21,126,.158,-.043,-.1,-4.4,9.1,14.5,1.5
81,Shaun Livingston,GSW,1.1,78,1468,.224,.132,4.0,1.0,15.1,6.0,8.5
82,Shannon Brown,MIA,2.0,5,89,.010,-.066,-.1,-5.1,10.8,.5,1.6
83,Shane Larkin,NYK,1.0,76,1865,.187,.093,3.6,-.2,12.1,4.5,5.8
84,Shane Edwards,CLE,3.0,0,0,0,0,0,0,0,0,0
85,Shabazz Napier,MIA,1.0,51,1012,.146,.052,1.1,-1.5,12.4,5.4,6.2
86,Shabazz Muhammad,MIN,3.0,38,866,.224,.148,2.7,1.5,28.4,8.5,2.4
87,Seth Curry,"ORL, PHO",1.0,2,8,-.456,-.550,-.1,-20.2,0,12.0,6.0
88,Sergey Karasev,BRK,2.0,33,555,.182,.106,1.2,.2,13.2,5.7,4.0
89,Serge Ibaka,OKC,4.3,64,2116,.288,.087,3.8,-.4,20.8,11.3,1.2
90,Semaj Christon,,1.0,0,0,0,0,0,0,0,0,0
91,Sebastian Telfair,OKC,1.0,16,327,.073,-.021,-.1,-3.7,19.7,4.4,6.6
92,Sean Kilpatrick,MIN,2.0,4,72,.125,.049,.1,-1.6,14.7,4.0,2.7
93,Samuel Dalembert,NYK,5.0,32,544,.278,.077,.9,-.7,11.3,14.8,2.6
94,Ryan Kelly,LAL,3.5,52,1233,.105,-.033,-.9,-4.1,12.9,5.7,3.6
95,Ryan Hollins,SAC,4.0,46,441,.303,.102,.9,.1,14.9,11.2,1.5
96,Ryan Anderson,NOR,4.0,61,1675,.167,-.033,-1.2,-4.1,23.9,8.5,1.6
97,Russell Westbrook,OKC,1.0,67,2302,.313,.219,10.5,3.7,39.3,10.2,12.0
98,Russ Smith,"NOR, MEM",1.0,12,65,-.191,-.285,-.4,-11.9,22.2,4.4,5.9
99,Rudy Gobert,UTH,5.0,82,2158,.556,.355,16.0,8.0,15.3,17.2,2.4
100,Rudy Gay,SAC,3.6,68,2408,.216,.061,3.0,-1.2,28.5,8.0,5.0
101,Roy Hibbert,IND,5.0,76,1926,.260,.060,2.4,-1.2,20.0,13.5,2.1
102,Roy Devyn Marble,ORL,2.0,0,0,0,0,0,0,0,0,0
103,Roscoe Smith,LAL,4.0,0,0,0,0,0,0,0,0,0
104,Ronny Turiaf,"MIN, PHI",5.0,2,19,.201,.001,.0,-3.0,0,2.5,5.1
105,Ronnie Price,LAL,1.0,43,982,.149,.055,1.1,-1.4,10.8,3.4,8.1
106,Ronald Roberts,PHI,4.0,0,0,0,0,0,0,0,0,0
107,Rodney Stuckey,IND,2.0,71,1874,.185,.109,4.3,.3,22.9,6.4,5.6
108,Rodney McGruder,BOS,2.0,0,0,0,0,0,0,0,0,0
109,Rodney Hood,UTH,2.0,50,1064,.116,.040,.9,-1.8,19.5,5.3,3.7
110,Robin Lopez,POR,5.0,59,1638,.367,.166,5.7,2.1,16.6,11.5,1.6
111,Robert Sacre,LAL,5.0,67,1133,.185,-.015,-.4,-3.6,13.0,9.9,2.3
112,Robert Covington,"HOU, PHI",4.0,70,1956,.197,-.004,-.2,-3.2,23.1,7.8,2.6
113,Robbie Hummel,MIN,4.0,45,742,.177,-.023,-.4,-3.8,12.8,8.7,1.7
114,Ricky Rubio,MIN,1.0,22,692,.209,.115,1.7,.5,15.7,8.7,13.4
115,Ricky Ledo,"DAL, NYK",2.0,17,244,-.060,-.136,-.7,-7.3,17.7,7.1,3.7
116,Richard Solomon,OKC,4.0,0,0,0,0,0,0,0,0,0
117,Richard Jefferson,DAL,3.0,74,1244,.193,.117,3.0,.6,16.7,7.1,2.4
118,Reggie Williams,SAS,2.2,20,105,.104,.028,.1,-2.2,16.9,7.8,4.6
119,Reggie Jackson,"OKC, DET",1.3,77,2268,.185,.096,4.6,-.1,23.6,6.9,9.8
120,Reggie Evans,SAC,5.0,47,764,.357,.157,2.5,1.8,11.1,18.8,2.0
121,Reggie Bullock,"LAC, PHO",3.0,36,338,.147,.071,.5,-.9,9.8,7.1,1.1
122,Raymond Felton,DAL,1.0,29,281,.105,.011,.1,-2.7,18.4,4.4,7.0
123,Ray McCallum,SAC,1.2,68,1436,.163,.073,2.2,-.8,16.8,6.0,6.3
124,Rasual Butler,WAS,2.3,75,1505,.156,.080,2.5,-.6,18.5,6.3,2.0
125,Randy Foye,DEN,2.0,50,1087,.092,.016,.4,-2.6,19.2,3.8,5.3
126,Ramon Sessions,"SAC, WAS",1.0,64,1188,.129,.035,.9,-2.0,16.2,5.8,7.4
127,Rajon Rondo,"BOS, DAL",1.0,68,2018,.222,.128,5.4,.9,14.5,8.9,12.8
128,Quincy Pondexter,"MEM, NOR",2.8,75,1793,.160,.083,3.1,-.5,14.4,5.2,2.5
129,Quincy Miller,(3+),3.0,10,119,.065,-.011,.0,-3.4,11.7,8.1,3.2
130,Quincy Acy,NYK,3.5,68,1287,.229,.091,2.4,-.3,14.8,11.2,2.5
131,Phil Pressey,BOS,1.0,50,600,.193,.099,1.2,.0,14.2,6.4,9.4
132,Peyton Siva,ORL,1.0,0,0,0,0,0,0,0,0,0
133,Perry Jones,OKC,3.5,43,631,.063,-.076,-1.0,-5.4,14.0,5.8,1.4
134,Pero Antic,ATL,5.0,63,1037,.128,-.073,-1.6,-5.3,16.5,8.7,2.3
135,Paul Pierce,WAS,3.1,73,1914,.232,.142,5.6,1.3,21.8,7.4,3.6
136,Paul Millsap,ATL,4.0,73,2390,.326,.126,6.3,.8,24.5,11.4,4.5
137,Paul George,IND,3.0,6,91,.059,-.018,.0,-3.6,28.0,11.6,3.2
138,Pau Gasol,CHI,4.0,78,2681,.394,.193,10.8,2.9,25.9,16.5,3.8
139,Patrick Patterson,TOR,4.0,81,2156,.337,.137,6.1,1.2,14.4,9.6,3.5
140,Patrick Mills,SAS,1.0,51,801,.115,.021,.3,-2.4,21.0,4.5,5.2
141,Patrick Christopher,"MEM, UTH",2.0,4,29,-.240,-.316,-.2,-12.9,9.9,9.9,0
142,Patrick Beverley,HOU,1.1,56,1727,.190,.099,3.5,.0,15.8,6.6,5.3
143,Patric Young,NOR,4.0,0,0,0,0,0,0,0,0,0
144,Pablo Prigioni,"NYK, HOU",1.0,67,1197,.275,.181,4.5,2.6,11.0,4.8,6.9
145,P.J. Tucker,PHO,3.0,78,2383,.282,.206,10.2,3.3,14.4,10.1,2.5
146,P.J. Hairston,CHA,3.0,45,687,.062,-.014,-.2,-3.5,17.7,6.4,1.5
147,Otto Porter,WAS,3.0,74,1432,.224,.148,4.4,1.5,14.9,7.4,2.2
148,Orlando Sanchez,NYK,4.0,0,0,0,0,0,0,0,0,0
149,Omri Casspi,SAC,3.0,67,1416,.229,.153,4.5,1.7,20.1,8.8,3.5
150,Omer Asik,NOR,5.0,76,1982,.412,.212,8.7,3.5,13.5,18.1,1.7
151,Ognjen Kuzmic,GSW,5.0,16,72,.336,.136,.2,1.1,13.3,11.3,4.0
152,O.J. Mayo,MIL,2.0,71,1697,.118,.042,1.5,-1.8,22.8,5.3,5.6
153,Norris Cole,"MIA, NOR",2.0,75,1831,.112,.036,1.4,-1.9,15.0,4.2,6.7
154,Noah Vonleh,CHA,4.0,25,259,.316,.116,.6,.5,15.4,15.9,.7
155,Nikola Vucevic,ORL,5.0,74,2529,.319,.118,6.2,.6,27.1,15.4,2.8
156,Nikola Pekovic,MIN,5.0,31,815,.230,.029,.5,-2.2,22.7,13.8,1.6
157,Nikola Mirotic,CHI,3.8,82,1654,.277,.100,3.4,.0,24.2,11.7,2.8
158,Nik Stauskas,SAC,2.1,73,1127,.071,-.005,-.1,-3.2,13.6,3.7,2.9
159,Nicolas Batum,POR,3.0,71,2380,.290,.214,10.6,3.6,13.4,8.4,6.9
160,Nick Young,LAL,2.5,42,1000,.042,-.034,-.7,-4.1,27.0,4.6,2.0
161,Nick Johnson,HOU,2.0,28,262,.005,-.071,-.4,-5.3,13.6,7.1,2.0
162,Nick Collison,OKC,4.0,66,1101,.262,.061,1.4,-1.2,11.9,10.9,3.9
163,Nick Calathes,MEM,1.7,58,838,.188,.108,1.9,.3,13.9,6.1,8.4
164,Nerlens Noel,PHI,5.0,75,2311,.323,.123,5.9,.7,15.5,12.7,2.7
165,Nene Hilario,WAS,4.0,67,1693,.199,-.002,-.1,-3.1,20.9,9.8,3.5
166,Nemanja Nedovic,GSW,1.5,0,0,0,0,0,0,0,0,0
167,Nazr Mohammed,CHI,5.0,23,128,.234,.034,.1,-2.0,10.1,14.3,1.1
168,Nate Wolters,"MIL, NOR",1.0,21,247,.063,-.031,-.2,-4.0,8.2,6.6,4.1
169,Nate Robinson,(3+),1.0,42,591,.003,-.091,-1.1,-5.9,19.3,4.1,7.9
170,Monta Ellis,DAL,2.0,80,2699,.089,.013,.7,-2.7,26.9,3.4,5.9
171,Mo Williams,"MIN, CHA",1.3,68,1980,.105,.017,.7,-2.6,23.4,4.2,10.3
172,Mitchell Watt,GSW,4.0,0,0,0,0,0,0,0,0,0
173,Mitch McGary,OKC,5.0,32,485,.344,.144,1.5,1.4,19.9,16.3,1.4
174,Mirza Teletovic,BRK,4.0,40,892,.136,-.064,-1.2,-5.1,18.2,10.4,2.5
175,Miroslav Raduljica,MIN,5.0,5,23,-.139,-.339,-.2,-13.6,16.7,10.4,0
176,Miles Plumlee,"PHO, MIL",5.0,73,1194,.361,.161,4.0,1.9,11.8,12.9,1.4
177,Mike Scott,ATL,4.0,68,1123,.199,-.002,.0,-3.1,22.6,8.5,3.2
178,Mike Muscala,ATL,5.0,40,502,.384,.184,1.9,2.6,18.8,11.4,2.4
179,Mike Miller,CLE,3.0,52,701,.121,.045,.7,-1.7,7.5,6.2,3.1
180,Mike Dunleavy,CHI,3.0,63,1838,.222,.145,5.6,1.4,15.5,6.5,3.0
181,Mike Conley,MEM,1.0,70,2225,.244,.150,7.0,1.6,23.9,4.5,8.1
182,Micheal Eric,MIL,4.5,0,0,0,0,0,0,0,0,0
183,Michael Kidd-Gilchrist,CHA,3.0,55,1587,.298,.222,7.3,3.8,18.1,12.6,2.3
184,Michael Jenkins,OKC,1.0,0,0,0,0,0,0,0,0,0
185,Michael Carter-Williams,"PHI, MIL",1.4,66,2149,.113,.026,1.1,-2.3,21.6,7.9,9.9
186,Michael Beasley,MIA,4.0,24,505,.035,-.165,-1.7,-8.2,20.2,8.5,3.0
187,Meyers Leonard,POR,4.4,55,847,.336,.136,2.4,1.1,18.5,14.2,1.8
188,Melvin Ely,,1.0,0,0,0,0,0,0,0,0,0
189,Maurice Harkless,ORL,3.0,45,674,.154,.078,1.1,-.7,11.3,7.5,1.8
190,Matthew Dellavedova,CLE,1.2,67,1380,.139,.049,1.4,-1.6,11.1,4.4,7.1
191,Matt Bonner,SAS,5.0,72,935,.202,.001,.0,-3.0,13.6,5.9,2.4
192,Matt Barnes,LAC,3.0,76,2271,.190,.114,5.4,.5,16.1,6.4,2.4
193,Mason Plumlee,BRK,4.9,82,1743,.362,.162,5.9,2.0,19.7,14.1,2.0
194,Marvin Williams,CHA,4.0,78,2035,.275,.074,3.1,-.8,13.6,9.1,2.4
195,Martell Webster,WAS,3.0,32,352,.033,-.043,-.3,-4.4,14.5,6.3,2.3
196,Marreese Speights,GSW,5.0,76,1207,.183,-.018,-.4,-3.6,31.5,12.9,2.9
197,Marquis Teague,BRK,1.0,0,0,0,0,0,0,0,0,0
198,Markieff Morris,PHO,4.1,82,2581,.182,-.019,-1.0,-3.7,23.4,9.4,3.6
199,Markel Brown,BRK,2.0,47,781,.132,.056,.9,-1.3,13.3,6.6,2.4
200,Mario Chalmers,MIA,1.0,80,2368,.131,.037,1.8,-1.9,16.5,4.2,6.2
201,Marcus Williams,DEN,3.5,0,0,0,0,0,0,0,0,0
202,Marcus Thornton,"BOS, PHO",1.7,48,721,.142,.061,.9,-1.2,25.3,5.7,2.4
203,Marcus Smart,BOS,1.0,67,1808,.211,.117,4.4,.6,13.9,5.9,5.5
204,Marcus Morris,PHO,3.9,81,2045,.198,.016,.7,-2.6,19.8,9.0,3.1
205,Marco Belinelli,SAS,2.0,62,1388,.165,.089,2.6,-.3,19.6,5.4,3.3
206,Marcin Gortat,WAS,5.0,82,2453,.388,.188,9.6,2.8,19.6,14.0,1.9
207,Marc Gasol,MEM,5.0,81,2687,.339,.138,7.7,1.2,25.2,11.3,5.5
208,Manu Ginobili,SAS,3.0,70,1587,.202,.126,4.2,.8,22.3,6.4,8.9
209,Malcolm Thomas,PHI,4.0,17,194,.232,.031,.1,-2.1,11.1,13.9,1.7
210,Malcolm Lee,PHI,2.0,1,2,-.796,-.872,.0,-30.2,0,0,0
211,Luol Deng,MIA,3.3,72,2421,.242,.129,6.5,.9,20.0,7.5,2.8
212,Luke Ridnour,ORL,1.0,47,683,.136,.042,.6,-1.8,13.2,4.8,6.7
213,Luke Babbitt,NOR,3.7,63,830,.223,.059,1.0,-1.2,14.8,6.4,1.4
214,Luis Scola,IND,4.0,81,1659,.294,.093,3.2,-.2,22.1,15.2,3.0
215,Luigi Datome,"DET, BOS",2.1,21,209,.205,.129,.6,.9,24.1,6.7,2.1
216,Lucas Nogueira,TOR,5.0,6,23,.063,-.137,-.1,-7.3,12.5,23.0,2.1
217,Luc Richard Mbah a Moute,PHI,3.0,67,1916,.152,.076,3.0,-.7,16.5,8.2,2.7
218,Louis Williams,TOR,2.0,80,2016,.191,.115,4.8,.5,29.6,3.6,3.9
219,Louis Amundson,"CLE, NYK",4.7,53,937,.225,.025,.5,-2.3,13.3,13.7,3.6
220,Lorenzo Brown,"DET, MIN",1.0,29,549,.191,.097,1.1,-.1,10.7,6.1,7.9
221,Lester Hudson,LAC,2.0,5,56,.347,.271,.3,5.3,15.4,6.9,4.3
222,Leandro Barbosa,GSW,2.0,66,982,.179,.103,2.1,.1,22.8,4.4,4.8
223,LeBron James,CLE,3.0,69,2493,.310,.234,12.1,4.2,33.6,8.0,9.8
224,Lavoy Allen,IND,4.7,63,1070,.370,.170,3.8,2.2,14.1,14.5,3.3
225,Larry Sanders,MIL,5.0,27,586,.330,.130,1.6,1.0,16.1,13.6,1.9
226,Larry Drew II,PHI,1.0,12,219,-.016,-.110,-.5,-6.5,10.1,3.3,9.9
227,Larry Drew,PHI,1.5,0,0,0,0,0,0,0,0,0
228,Langston Galloway,NYK,2.0,45,1457,.139,.062,1.9,-1.1,17.6,6.3,4.9
229,Landry Fields,TOR,3.0,26,216,.256,.180,.8,2.5,10.2,5.8,3.3
230,Lance Thomas,"OKC, NYK",2.8,62,1490,.077,.000,.0,-3.1,14.3,6.3,2.2
231,Lance Stephenson,CHA,2.9,61,1573,.072,-.004,-.1,-3.2,15.3,8.5,7.3
232,LaMarcus Aldridge,POR,4.0,71,2512,.276,.075,3.9,-.7,31.7,13.9,2.4
233,Kyrie Irving,CLE,1.0,75,2730,.256,.162,9.2,2.0,28.6,4.2,6.8
234,Kyle Singler,"DET, OKC",3.0,80,1743,.139,.062,2.3,-1.1,13.2,5.3,2.3
235,Kyle O'Quinn,ORL,5.0,51,824,.273,.072,1.2,-.8,17.1,11.6,3.4
236,Kyle Lowry,TOR,1.0,70,2414,.232,.138,6.9,1.2,24.7,6.5,9.4
237,Kyle Korver,ATL,2.0,75,2418,.307,.231,11.6,4.1,18.1,6.0,3.9
238,Kyle Anderson,SAS,3.0,33,358,.172,.093,.7,-.2,9.9,9.7,3.8
239,Kris Humphries,WAS,4.0,64,1345,.317,.116,3.3,.5,18.2,14.8,2.0
240,Kostas Papanikolaou,HOU,4.0,43,795,.148,-.053,-.9,-4.7,11.0,7.1,5.1
241,Kosta Koufos,MEM,5.0,81,1348,.343,.143,4.0,1.4,14.9,15.2,1.3
242,Kobe Bryant,LAL,2.5,35,1207,.035,-.041,-1.0,-4.4,31.1,7.9,7.8
243,Klay Thompson,GSW,2.2,77,2455,.220,.144,7.4,1.4,32.6,4.8,4.3
244,Kirk Hinrich,CHI,2.0,66,1610,.090,.013,.4,-2.7,11.2,3.6,4.4
245,Kim English,CHI,1.5,0,0,0,0,0,0,0,0,0
246,Khris Middleton,MIL,2.6,79,2378,.244,.168,8.3,2.1,21.3,7.0,3.7
247,Khem Birch,MIA,4.0,0,0,0,0,0,0,0,0,0
248,Kevin Seraphin,WAS,5.0,79,1235,.156,-.045,-1.2,-4.5,20.2,11.2,2.3
249,Kevin Martin,MIN,2.0,39,1302,.093,.017,.5,-2.5,28.7,5.2,3.3
250,Kevin Love,CLE,4.0,75,2532,.332,.131,6.9,1.0,23.3,13.9,3.2
251,Kevin Jones,NOR,3.5,0,0,0,0,0,0,0,0,0
252,Kevin Garnett,"BRK, MIN",4.1,47,952,.311,.110,2.2,.4,16.3,15.7,3.9
253,Kevin Durant,OKC,3.4,27,913,.398,.277,5.3,5.5,36.1,9.4,5.8
254,Kenyon Martin,MIL,5.0,11,104,.250,.049,.1,-1.6,9.2,8.8,2.3
255,Kentavious Caldwell-Pope,DET,2.1,82,2587,.099,.023,1.2,-2.4,19.4,4.7,2.0
256,Kent Bazemore,ATL,3.0,75,1324,.168,.092,2.5,-.2,14.1,8.0,2.8
257,Kenneth Faried,DEN,4.9,75,2086,.357,.157,6.8,1.8,21.8,15.4,2.0
258,Kendrick Perkins,(3+),5.0,68,1148,.181,-.020,-.5,-3.7,10.3,13.4,2.1
259,Kendall Marshall,"MIL, PHO",2.0,28,417,.224,.147,1.3,1.5,13.6,3.2,9.9
260,Kemba Walker,CHA,1.0,62,2119,.183,.089,3.9,-.3,24.4,5.0,7.2
261,Kelly Olynyk,BOS,5.0,64,1423,.257,.056,1.7,-1.3,22.1,10.3,3.7
262,Keith Appling,LAL,1.0,0,0,0,0,0,0,0,0,0
263,Kawhi Leonard,SAS,3.0,64,2033,.384,.308,13.1,6.5,25.0,10.9,3.8
264,Kalin Lucas,,1.0,1,6,.086,-.008,.0,-3.3,0,0,0
265,Kadeem Batts,ORL,4.0,0,0,0,0,0,0,0,0,0
266,K.J. McDaniels,"PHI, HOU",2.0,62,1352,.127,.051,1.4,-1.5,17.3,7.1,2.6
267,Jusuf Nurkic,DEN,5.0,62,1103,.264,.063,1.5,-1.1,18.5,16.6,2.2
268,Justin Holiday,GSW,2.0,59,657,.143,.067,.9,-1.0,18.6,5.3,3.5
269,Justin Hamilton,(3+),4.2,41,712,.297,.147,2.2,1.5,14.8,9.0,2.4
270,Justin Cobbs,CHA,1.0,0,0,0,0,0,0,0,0,0
271,Julius Randle,LAL,4.0,1,14,-.344,-.545,-.2,-20.0,6.9,0,0
272,Jrue Holiday,NOR,1.0,40,1303,.216,.122,3.3,.7,21.8,5.0,10.1
273,Josh Smith,"DET, HOU",4.2,83,2300,.177,-.024,-1.1,-3.8,21.4,11.1,5.8
274,Josh Powell,HOU,4.5,0,0,0,0,0,0,0,0,0
275,Josh McRoberts,MIA,4.5,17,296,.209,.009,.1,-2.8,11.7,7.3,5.4
276,Josh Huestis,,1.0,0,0,0,0,0,0,0,0,0
277,Josh Davis,SAS,4.0,0,0,0,0,0,0,0,0,0
278,Josh Bostic,DET,3.0,0,0,0,0,0,0,0,0,0
279,Jose Calderon,NYK,1.0,42,1270,.164,.070,1.9,-.9,14.4,4.7,7.5
280,Jorge Gutierrez,(3+),1.0,20,175,.189,.095,.3,-.1,14.5,6.9,6.0
281,Jordan Hill,LAL,5.0,70,1874,.225,.025,1.0,-2.3,21.5,14.2,2.6
282,Jordan Hamilton,(3+),3.0,14,122,.119,.043,.1,-1.7,15.0,6.3,2.8
283,Jordan Farmar,LAC,1.0,36,529,.112,.018,.2,-2.5,15.2,3.8,6.1
284,Jordan Clarkson,LAL,1.0,59,1476,.184,.090,2.8,-.3,22.9,6.2,6.7
285,Jordan Adams,MEM,2.0,30,248,.163,.087,.5,-.4,18.2,5.4,3.1
286,Jonas Valanciunas,TOR,5.0,80,2096,.424,.224,9.8,3.9,22.1,15.9,.9
287,Jonas Jerebko,"DET, BOS",4.0,75,1230,.309,.109,2.8,.3,17.5,11.0,2.8
288,Jon Leuer,MEM,4.0,63,824,.208,.007,.1,-2.9,16.7,12.1,2.7
289,Johnny O'Bryant III,MIL,4.0,0,0,0,0,0,0,0,0,0
290,Johnny O'Bryant,MIL,4.0,34,368,-.033,-.234,-1.8,-10.3,13.0,8.3,2.2
291,John Wall,WAS,1.0,79,2837,.267,.174,10.3,2.3,23.5,6.2,13.4
292,John Salmons,"NOR, PHO",3.0,21,270,.089,.013,.1,-2.7,7.5,3.7,2.3
293,John Lucas III,DET,1.0,21,272,.108,.014,.1,-2.6,17.3,2.8,10.6
294,John Jenkins,ATL,2.0,24,297,.272,.196,1.2,3.0,21.8,6.3,2.1
295,John Henson,MIL,5.0,67,1228,.383,.183,4.7,2.6,18.4,12.2,2.3
296,Joffrey Lauvergne,DEN,4.0,24,268,.154,-.046,-.3,-4.5,16.7,13.8,2.3
297,Joey Dorsey,HOU,5.0,69,854,.350,.149,2.7,1.6,10.3,15.7,1.4
298,Joel Freeland,POR,5.0,48,617,.308,.107,1.4,.3,13.1,14.9,1.2
299,Joel Embiid,PHI,5.0,0,0,0,0,0,0,0,0,0
300,Joel Anthony,"BOS, DET",5.0,49,406,.400,.200,1.7,3.1,10.3,11.0,.6
301,Joe Johnson,BRK,3.2,80,2791,.178,.082,4.7,-.5,19.8,6.6,5.0
302,Joe Ingles,UTH,3.0,79,1673,.183,.107,3.7,.2,11.4,5.0,5.2
303,Joe Harris,CLE,2.0,51,493,.045,-.031,-.3,-4.0,13.2,4.0,2.5
304,Jodie Meeks,DET,2.0,60,1462,.150,.074,2.3,-.8,21.8,3.4,2.6
305,Joakim Noah,CHI,5.0,67,2049,.400,.200,8.5,3.1,11.4,15.1,7.3
306,Jimmy Butler,CHI,2.0,65,2513,.351,.275,14.4,5.5,24.8,7.2,4.0
307,Jimmer Fredette,NOR,2.0,50,509,.037,-.039,-.4,-4.3,16.8,3.8,5.5
308,Jerryd Bayless,MIL,1.0,77,1717,.145,.051,1.8,-1.5,16.7,5.9,6.5
309,Jerrelle Benimon,"DEN, UTH",4.0,2,3,.633,.433,.0,10.4,0,48.0,0
310,Jerome Jordan,BRK,5.0,44,383,.369,.168,1.3,2.1,17.3,13.2,1.6
311,Jeremy Tyler,LAL,5.0,0,0,0,0,0,0,0,0,0
312,Jeremy Lin,LAL,1.3,74,1907,.169,.080,3.2,-.6,20.9,4.9,8.5
313,Jeremy Lamb,OKC,2.0,47,633,.199,.123,1.6,.7,22.4,8.1,3.3
314,Jeremy Evans,UTH,3.5,38,266,.492,.354,2.0,7.9,16.2,12.8,2.3
315,Jerel McNeal,PHO,2.0,6,36,-.150,-.226,-.2,-10.1,12.0,4.0,2.7
316,Jerami Grant,PHI,3.3,65,1377,.118,.004,.1,-3.0,14.3,6.9,2.8
317,Jeff Withey,NOR,5.0,37,259,.345,.145,.8,1.4,18.2,11.9,2.0
318,Jeff Teague,ATL,1.0,73,2228,.265,.171,7.9,2.2,25.0,4.0,11.1
319,Jeff Taylor,CHA,3.2,29,430,.115,.019,.2,-2.5,14.2,5.9,2.5
320,Jeff Green,"BOS, MEM",3.4,78,2454,.167,.045,2.3,-1.7,22.8,6.4,2.6
321,Jeff Ayres,SAS,5.0,51,383,.335,.135,1.1,1.1,17.2,14.7,1.8
322,Jeff Adrien,"HOU, MIN",5.0,17,215,.345,.145,.6,1.4,13.4,17.2,3.3
323,Jason Thompson,SAC,5.0,81,1991,.238,.038,1.6,-1.9,11.8,12.8,2.0
324,Jason Terry,HOU,1.0,77,1641,.208,.114,3.9,.5,15.8,3.5,4.3
325,Jason Smith,NYK,5.0,82,1785,.137,-.064,-2.4,-5.1,17.6,8.7,3.8
326,Jason Richardson,PHI,3.0,19,416,.112,.036,.3,-1.9,19.8,7.6,4.4
327,Jason Maxiell,CHA,5.0,61,878,.257,.057,1.0,-1.3,11.1,11.1,1.0
328,Jason Kapono,GSW,2.5,0,0,0,0,0,0,0,0,0
329,Jarvis Varnado,,1.0,0,0,0,0,0,0,0,0,0
330,Jarrett Jack,BRK,1.2,80,2241,.149,.058,2.7,-1.3,20.5,5.2,8.0
331,Jarnell Stokes,MEM,4.0,19,126,.360,.160,.4,1.9,21.7,13.0,1.5
332,Jarell Eddie,ATL,2.0,0,0,0,0,0,0,0,0,0
333,Jared Sullinger,BOS,4.0,58,1566,.286,.086,2.8,-.4,23.6,13.5,4.1
334,Jared Dudley,MIL,3.0,72,1717,.265,.189,6.7,2.8,14.5,6.2,3.6
335,Jared Cunningham,LAC,2.0,19,89,-.061,-.137,-.3,-7.4,18.9,4.9,5.4
336,Jannero Pargo,CHA,1.0,9,73,.088,-.006,.0,-3.3,27.0,2.0,5.3
337,James Young,BOS,2.0,31,332,.115,.039,.3,-1.9,15.2,6.1,1.9
338,James Southerland,POR,3.0,0,0,0,0,0,0,0,0,0
339,James Michael McAdoo,GSW,4.0,15,137,.336,.135,.4,1.1,21.7,13.0,.7
340,James Jones,CLE,3.0,57,669,.151,.074,1.0,-.8,17.9,4.4,1.7
341,James Johnson,TOR,3.2,70,1370,.330,.226,6.4,3.9,19.4,9.0,3.3
342,James Harden,HOU,2.0,81,2981,.367,.290,18.0,6.0,35.7,7.4,9.1
343,James Ennis,MIA,3.0,62,1051,.221,.145,3.2,1.4,14.2,8.0,2.2
344,James Anderson,PHI,1.5,0,0,0,0,0,0,0,0,0
345,Jameer Nelson,(3+),1.0,63,1407,.131,.037,1.1,-1.9,17.8,5.0,8.6
346,Jamal Crawford,LAC,2.4,64,1703,.093,.017,.6,-2.5,28.5,3.5,4.5
347,Jamaal Franklin,DEN,3.0,3,13,.037,-.039,.0,-4.3,11.1,7.4,11.1
348,Jae Crowder,"DAL, BOS",2.6,82,1647,.244,.168,5.8,2.1,18.3,8.5,2.7
349,Jack Cooley,UTH,5.0,16,87,.194,-.006,.0,-3.3,14.9,13.8,.6
350,Jabari Parker,MIL,4.0,25,738,.234,.034,.5,-2.0,20.0,9.0,2.7
351,Jabari Brown,LAL,2.0,19,568,.083,.007,.1,-2.9,19.2,3.0,3.4
352,JaVale McGee,"DEN, PHI",5.0,23,256,.246,.045,.2,-1.7,19.9,11.4,.6
353,JaMychal Green,"SAS, MEM",4.0,24,164,.318,.117,.4,.6,18.1,13.2,1.2
354,JaKarr Sampson,PHI,2.5,74,1131,.103,.027,.6,-2.2,16.4,6.9,3.3
355,J.R. Smith,"NYK, CLE",2.2,70,2080,.170,.094,4.1,-.2,19.5,5.0,4.5
356,J.J. Redick,LAC,2.0,78,2409,.194,.118,5.9,.6,25.4,3.3,2.7
357,J.J. Hickson,DEN,4.0,73,1411,.276,.076,2.2,-.7,18.8,15.4,1.9
358,J.J. Barea,DAL,1.9,77,1362,.160,.083,2.3,-.5,20.4,4.7,9.3
359,Ivan Johnson,DAL,4.5,0,0,0,0,0,0,0,0,0
360,Ishmael Smith,(3+),1.2,55,832,.064,-.027,-.5,-3.9,19.5,5.8,10.4
361,Isaiah Thomas,"PHO, BOS",1.0,67,1726,.207,.113,4.1,.4,30.6,4.3,7.9
362,Isaiah Canaan,"HOU, PHI",1.0,47,938,.110,.016,.3,-2.6,22.1,4.5,5.0
363,Iman Shumpert,"NYK, CLE",2.4,62,1545,.171,.095,3.1,-.1,15.4,7.0,4.2
364,Ian Mahinmi,IND,5.0,61,1146,.324,.123,2.9,.8,11.1,14.9,1.4
365,Ian Clark,"UTH, DEN",1.9,30,192,.089,.011,.0,-2.7,14.3,4.0,3.0
366,Hollis Thompson,PHI,2.0,71,1776,.170,.094,3.5,-.2,16.9,5.4,2.3
367,Henry Sims,PHI,5.0,73,1399,.239,.039,1.1,-1.9,20.1,12.3,2.7
368,Hedo Turkoglu,LAC,3.6,62,705,.197,.048,.7,-1.6,15.8,6.7,2.5
369,Hassan Whiteside,"MEM, MIA",5.0,48,1142,.579,.378,9.0,8.7,23.7,20.3,.3
370,Hasheem Thabeet,DET,5.0,0,0,0,0,0,0,0,0,0
371,Harrison Barnes,GSW,3.4,82,2318,.279,.150,7.2,1.6,17.1,9.4,2.4
372,Greivis Vasquez,TOR,1.2,82,1991,.138,.047,2.0,-1.6,18.7,5.2,7.3
373,Greg Stiemsma,TOR,5.0,17,66,.223,.023,.0,-2.4,10.2,10.9,2.2
374,Greg Smith,DAL,5.0,42,363,.282,.081,.6,-.6,10.6,10.4,1.2
375,Greg Monroe,DET,4.5,69,2137,.376,.176,7.8,2.4,24.7,15.8,3.2
376,Grant Jerrett,"OKC, UTH",4.0,8,51,-.261,-.462,-.5,-17.4,15.1,8.5,2.8
377,Gorgui Dieng,MIN,5.0,73,2193,.383,.182,8.3,2.6,15.5,13.3,3.2
378,Gordon Hayward,UTH,2.8,76,2618,.242,.166,9.1,2.1,26.8,6.8,5.7
379,Goran Dragic,"PHO, MIA",1.8,78,2640,.222,.142,7.8,1.3,23.2,5.0,6.4
380,Glenn Robinson III,"MIN, PHI",3.0,35,261,.131,.055,.3,-1.4,13.4,7.2,2.0
381,Glenn Robinson,,1.0,0,0,0,0,0,0,0,0,0
382,Glen Rice Jr.,WAS,2.0,0,0,0,0,0,0,0,0,0
383,Glen Rice,WAS,2.0,5,43,-.329,-.405,-.4,-15.7,12.3,4.5,2.2
384,Glen Rice,,1.0,0,0,0,0,0,0,0,0,0
385,Glen Davis,LAC,4.0,74,904,.159,-.041,-.8,-4.4,15.6,9.0,2.1
386,Giannis Antetokounmpo,MIL,3.6,81,2541,.250,.097,5.1,-.1,19.5,10.2,3.9
387,Gerald Wallace,BOS,4.0,32,286,.243,.043,.3,-1.7,5.9,9.6,1.8
388,Gerald Henderson,CHA,2.0,80,2315,.154,.078,3.7,-.7,20.1,5.7,4.3
389,Gerald Green,PHO,2.2,74,1446,.067,-.009,-.3,-3.3,29.3,6.2,3.0
390,George Hill,IND,1.0,43,1267,.325,.231,6.1,4.1,26.2,6.8,8.3
391,Gary Neal,"CHA, MIN",1.5,54,1193,.033,-.052,-1.3,-4.7,21.8,5.2,4.0
392,Gary Harris,DEN,2.0,55,719,-.012,-.088,-1.3,-5.8,12.6,4.3,1.9
393,Garrett Temple,WAS,2.0,52,735,.221,.144,2.2,1.4,13.3,5.9,3.7
394,Gal Mekel,"DAL, NOR",2.0,4,43,-.296,-.373,-.3,-14.7,6.7,1.1,14.5
395,Furkan Aldemir,PHI,4.4,41,540,.396,.195,2.2,3.0,8.3,15.6,2.5
396,Francisco Garcia,HOU,2.0,14,200,-.037,-.113,-.5,-6.6,10.8,4.1,3.6
397,Festus Ezeli,GSW,5.0,46,504,.344,.144,1.5,1.4,19.1,14.8,.9
398,Evan Turner,BOS,3.0,82,2260,.209,.133,6.2,1.0,16.5,8.9,9.5
399,Evan Fournier,ORL,2.7,58,1661,.124,.048,1.7,-1.6,20.2,4.4,3.5
400,Ersan Ilyasova,MIL,4.1,58,1319,.251,.050,1.4,-1.5,24.3,10.1,2.0
401,Erik Murphy,BOS,4.5,0,0,0,0,0,0,0,0,0
402,Erick Green,DEN,1.7,43,410,.023,-.058,-.5,-4.9,17.1,3.6,4.6
403,Eric Moreland,SAC,4.0,3,2,.809,.608,.0,15.8,48.0,24.0,0
404,Eric Griffin,DAL,3.0,0,0,0,0,0,0,0,0,0
405,Eric Gordon,NOR,2.2,61,2018,.124,.048,2.0,-1.6,19.5,3.8,5.4
406,Eric Bledsoe,PHO,1.0,81,2800,.262,.168,9.8,2.1,23.6,7.3,8.5
407,Enes Kanter,"UTH, OKC",4.6,75,2135,.334,.134,6.0,1.1,26.1,15.1,1.2
408,Elton Brand,ATL,4.2,36,486,.231,.030,.3,-2.1,9.5,9.9,2.2
409,Elliot Williams,(3+),2.0,13,119,.055,-.021,-.1,-3.7,14.9,3.2,4.8
410,Elijah Millsap,UTH,2.0,47,924,.096,.019,.4,-2.5,12.9,7.8,3.0
411,Elfrid Payton,ORL,1.0,82,2489,.224,.130,6.7,1.0,14.1,6.7,10.3
412,Ekpe Udoh,LAC,4.0,33,128,.271,.071,.2,-.9,10.9,9.8,3.0
413,Ed Davis,LAL,4.1,79,1840,.470,.269,10.3,5.3,17.1,15.7,2.5
414,Earl Clark,"MEM, BRK",4.0,10,93,.072,-.128,-.2,-7.1,13.9,11.9,1.5
415,Earl Barron,PHO,5.0,16,143,.035,-.166,-.5,-8.2,10.7,9.4,1.7
416,E'Twaun Moore,CHI,1.0,56,504,.155,.061,.6,-1.2,14.2,4.4,3.1
417,Dwyane Wade,MIA,2.1,62,1971,.132,.056,2.3,-1.3,32.4,5.3,7.3
418,Dwight Powell,"BOS, DAL",4.0,29,236,.231,.031,.2,-2.1,18.3,10.2,1.8
419,Dwight Howard,HOU,5.0,41,1223,.375,.175,4.5,2.4,25.4,16.9,2.0
420,Dwight Buycks,LAL,1.0,6,123,.152,.058,.1,-1.3,20.3,4.7,5.5
421,Drew Gordon,PHI,4.0,9,71,.052,-.149,-.2,-7.7,11.5,12.2,1.4
422,Drew Gooden,WAS,4.4,51,864,.234,.034,.6,-2.0,15.4,12.4,2.7
423,Drew Crawford,ORL,2.0,0,0,0,0,0,0,0,0,0
424,Draymond Green,GSW,4.2,79,2490,.342,.142,7.4,1.3,17.8,12.5,5.6
425,Doug McDermott,CHI,3.0,36,321,.013,-.063,-.4,-5.0,16.3,6.4,.9
426,Doron Lamb,DAL,2.0,0,0,0,0,0,0,0,0,0
427,Dorell Wright,POR,3.9,48,592,.240,.050,.6,-1.5,17.8,9.0,3.3
428,Donatas Motiejunas,HOU,4.0,71,2037,.246,.045,1.9,-1.7,20.1,9.9,3.1
429,Donald Sloan,IND,1.0,53,1107,.211,.117,2.7,.6,17.0,6.2,8.2
430,Dirk Nowitzki,DAL,4.3,77,2282,.226,.026,1.2,-2.3,28.0,9.6,3.0
431,Dionte Christmas,NOR,1.5,0,0,0,0,0,0,0,0,0
432,Dion Waiters,"CLE, OKC",2.0,80,2208,.030,-.046,-2.1,-4.5,20.4,4.2,3.5
433,Diante Garrett,POR,1.5,0,0,0,0,0,0,0,0,0
434,Dexter Pittman,ATL,5.0,0,0,0,0,0,0,0,0,0
435,Dewayne Dedmon,ORL,4.0,59,845,.368,.167,2.9,2.1,12.3,16.8,.5
436,Devyn Marble,ORL,3.0,16,208,.102,.026,.1,-2.3,8.5,7.2,3.9
437,Devin Harris,DAL,1.0,76,1685,.213,.119,4.2,.6,18.9,3.8,6.8
438,Derrick Williams,SAC,3.0,74,1462,.165,.089,2.7,-.3,20.3,6.6,1.6
439,Derrick Rose,CHI,1.0,51,1530,.046,-.048,-1.5,-4.6,28.4,5.1,7.9
440,Derrick Favors,UTH,4.2,74,2280,.341,.140,6.7,1.3,25.0,12.8,2.4
441,Deron Williams,BRK,1.0,68,2114,.180,.086,3.8,-.4,20.1,5.4,10.2
442,Deonte Burton,SAC,1.0,0,0,0,0,0,0,0,0,0
443,Dennis Schroeder,ATL,1.0,77,1516,.109,.015,.5,-2.6,24.3,5.2,10.0
444,DeMarre Carroll,ATL,3.0,70,2189,.306,.230,10.5,4.1,19.4,8.2,2.6
445,DeMarcus Cousins,SAC,4.6,59,2013,.323,.123,5.1,.7,33.9,17.8,5.0
446,DeMar DeRozan,TOR,2.3,60,2100,.117,.041,1.8,-1.8,27.5,6.3,4.8
447,DeJuan Blair,WAS,4.0,29,180,.124,-.076,-.3,-5.5,14.9,14.9,.8
448,DeAndre Jordan,LAC,4.9,82,2820,.599,.398,23.4,9.3,16.1,20.9,1.0
449,David West,IND,4.0,66,1895,.277,.077,3.0,-.7,19.5,11.4,5.6
450,David Wear,SAC,4.0,2,7,.050,-.150,.0,-7.7,0,13.7,6.9
451,David Stockton,SAC,1.0,3,33,.150,.056,.0,-1.3,11.6,2.9,13.1
452,David Lee,GSW,4.0,49,904,.351,.150,2.8,1.6,20.6,13.6,4.5
453,Darren Collison,SAC,1.0,45,1565,.235,.141,4.6,1.3,22.2,4.4,7.7
454,Darrell Arthur,DEN,3.6,58,988,.109,-.039,-.8,-4.3,18.6,8.3,2.8
455,Darius Morris,"POR, BRK",2.0,38,299,-.021,-.097,-.6,-6.1,13.3,4.3,7.7
456,Darius Miller,NOR,3.0,5,43,-.206,-.282,-.3,-11.9,2.2,1.1,2.2
457,Dante Exum,UTH,1.2,82,1817,.057,-.034,-1.3,-4.1,10.4,3.5,5.2
458,Dante Cunningham,NOR,3.0,66,1652,.194,.118,4.0,.6,9.9,7.4,1.5
459,Danny Green,SAS,2.0,81,2312,.310,.234,11.3,4.2,19.6,7.1,3.3
460,Danny Granger,"MIA, PHO",4.0,30,613,.119,-.081,-1.0,-5.6,14.7,6.3,1.3
461,Danilo Gallinari,DEN,4.0,59,1426,.230,.029,.9,-2.2,24.7,7.3,2.8
462,Damjan Rudez,IND,2.8,68,1047,.131,.055,1.2,-1.4,14.8,2.2,2.4
463,Damion James,WAS,3.0,0,0,0,0,0,0,0,0,0
464,Damien Inglis,MIL,3.0,0,0,0,0,0,0,0,0,0
465,Damian Lillard,POR,1.2,82,2925,.264,.173,10.6,2.3,28.2,6.2,8.3
466,Dallas Lauderdale,CHA,3.5,0,0,0,0,0,0,0,0,0
467,Dahntay Jones,"UTH, LAC",3.0,33,123,-.024,-.100,-.3,-6.2,8.2,4.3,.8
468,DJ Mbenga,NYK,5.0,0,0,0,0,0,0,0,0,0
469,D.J. White,,1.0,0,0,0,0,0,0,0,0,0
470,D.J. Stephens,NOR,3.0,0,0,0,0,0,0,0,0,0
471,D.J. Augustin,"DET, OKC",1.0,82,1964,.169,.075,3.1,-.8,19.0,3.9,8.6
472,Courtney Lee,MEM,2.0,77,2354,.191,.115,5.6,.5,15.8,3.6,3.1
473,Cory Joseph,SAS,1.1,79,1444,.273,.181,5.5,2.6,17.8,6.4,6.2
474,Cory Jefferson,BRK,4.0,50,531,.238,.038,.4,-1.9,16.5,13.1,1.4
475,Corey Brewer,"MIN, HOU",2.7,80,2087,.156,.080,3.5,-.6,21.1,6.8,4.0
476,Cole Aldrich,NYK,5.0,61,976,.387,.186,3.8,2.7,16.6,16.6,3.7
477,Cody Zeller,CHA,4.5,62,1487,.306,.105,3.3,.2,15.2,11.7,3.2
478,Clint Capela,HOU,5.0,12,90,.242,.041,.1,-1.8,17.1,19.2,1.1
479,Cleanthony Early,NYK,3.0,39,647,.059,-.017,-.2,-3.6,15.6,7.2,2.7
480,Chuck Hayes,TOR,5.0,29,255,.260,.059,.3,-1.2,9.4,9.6,3.8
481,Christian Watford,BOS,4.0,0,0,0,0,0,0,0,0,0
482,Chris Wright,,1.0,0,0,0,0,0,0,0,0,0
483,Chris Singleton,IND,3.0,0,0,0,0,0,0,0,0,0
484,Chris Paul,LAC,1.0,82,2857,.439,.345,20.5,7.6,26.3,6.3,14.1
485,Chris Kaman,POR,5.0,74,1398,.316,.115,3.4,.5,21.9,16.6,2.2
486,Chris Johnson,PHI,3.5,0,0,0,0,0,0,0,0,0
487,Chris Johnson,(3+),4.0,29,526,.155,-.045,-.5,-4.5,15.1,5.0,1.4
488,Chris Douglas-Roberts,"LAC, BOS",3.0,12,103,.012,-.064,-.1,-5.1,8.9,5.6,1.9
489,Chris Crawford,CLE,2.0,0,0,0,0,0,0,0,0,0
490,Chris Copeland,IND,3.2,50,828,.027,-.070,-1.2,-5.2,17.9,6.4,3.0
491,Chris Bosh,MIA,5.0,44,1556,.218,.017,.6,-2.5,28.6,9.6,2.9
492,Chris Babb,BOS,2.0,0,0,0,0,0,0,0,0,0
493,Chris Andersen,MIA,5.0,60,1132,.409,.209,4.9,3.4,13.6,12.7,1.8
494,Chase Budinger,MIN,2.0,67,1286,.179,.103,2.8,.1,17.1,7.4,2.4
495,Charlie Villanueva,DAL,4.0,64,678,.185,-.016,-.2,-3.6,28.5,10.5,1.3
496,Channing Frye,ORL,4.3,75,1870,.168,-.032,-1.3,-4.1,14.1,7.5,2.4
497,Chandler Parsons,DAL,3.5,66,2186,.232,.095,4.3,-.1,22.8,7.1,3.5
498,Cartier Martin,DET,3.0,23,198,-.053,-.129,-.5,-7.1,8.7,4.8,2.7
499,Carrick Felix,UTH,2.5,0,0,0,0,0,0,0,0,0
500,Caron Butler,DET,3.0,78,1623,.169,.093,3.1,-.2,13.6,5.8,2.3
501,Carmelo Anthony,NYK,3.6,40,1428,.181,.034,1.0,-2.0,32.5,8.9,4.1
502,Carlos Boozer,LAL,4.0,71,1692,.199,-.001,.0,-3.1,23.7,13.7,2.7
503,Carl Landry,SAC,4.0,70,1192,.251,.050,1.2,-1.5,20.3,10.8,1.0
504,Cameron Bairstow,CHI,5.0,18,64,-.009,-.210,-.3,-9.6,7.5,6.0,.8
505,C.J. Wilcox,LAC,3.0,21,101,.008,-.069,-.1,-5.2,19.5,3.3,3.8
506,C.J. Watson,IND,1.0,57,1422,.266,.172,5.1,2.3,19.2,5.5,7.0
507,C.J. Miles,IND,2.0,70,1841,.135,.059,2.3,-1.2,24.6,5.6,2.0
508,C.J. McCollum,POR,2.0,62,973,.142,.066,1.3,-1.0,20.9,4.5,3.2
509,C.J. Fair,IND,4.0,0,0,0,0,0,0,0,0,0
510,Bryce Cotton,"SAS, UTH",1.0,15,159,.095,.001,.0,-3.1,24.2,5.4,4.5
511,Bruno Caboclo,TOR,3.0,8,23,-.380,-.456,-.2,-17.3,20.9,4.2,4.0
512,Brook Lopez,BRK,5.0,72,2100,.316,.116,5.1,.5,28.3,12.2,1.1
513,Brock Motum,UTH,4.0,0,0,0,0,0,0,0,0,0
514,Brian Roberts,CHA,1.6,72,1330,.140,.058,1.6,-1.3,17.3,3.9,5.8
515,Brian Qvale,CHA,5.0,0,0,0,0,0,0,0,0,0
516,Brian Cook,DET,4.0,0,0,0,0,0,0,0,0,0
517,Brendan Haywood,CLE,5.0,22,119,.153,-.048,-.1,-4.6,14.1,11.7,.8
518,Brandon Rush,GSW,2.0,33,271,-.018,-.094,-.5,-6.0,5.3,7.3,2.1
519,Brandon Knight,"MIL, PHO",1.2,63,2035,.188,.097,4.1,-.1,25.2,5.8,7.8
520,Brandon Jennings,DET,1.0,41,1173,.207,.113,2.8,.4,25.9,4.3,11.1
521,Brandon Davies,"PHI, BRK",4.0,27,423,.142,-.059,-.5,-4.9,16.1,9.4,3.4
522,Brandon Bass,BOS,4.4,82,1929,.284,.083,3.4,-.5,21.5,9.9,2.6
523,Brandan Wright,(3+),5.0,75,1449,.481,.281,8.5,5.7,18.0,10.6,1.4
524,Brady Heslip,MIN,1.0,0,0,0,0,0,0,0,0,0
525,Bradley Beal,WAS,2.0,63,2107,.148,.072,3.2,-.8,21.9,5.5,4.4
526,Boris Diaw,SAS,4.0,81,1984,.205,.005,.2,-2.9,17.1,8.4,5.6
527,Bojan Bogdanovic,BRK,2.9,78,1854,.159,.083,3.2,-.5,18.1,5.5,1.8
528,Blake Griffin,LAC,4.0,67,2356,.285,.084,4.1,-.5,29.9,10.3,7.2
529,Bismack Biyombo,CHA,5.0,64,1243,.451,.251,6.5,4.7,11.7,15.7,.6
530,Bill Walker,MIA,3.0,24,628,.113,.037,.5,-1.9,13.4,6.3,2.2
531,Bernard James,DAL,5.0,16,158,.404,.204,.7,3.3,13.4,11.8,1.2
532,Beno Udrih,MEM,1.0,79,1494,.219,.125,3.9,.8,19.4,4.6,7.1
533,Ben McLemore,SAC,2.0,82,2670,.113,.037,2.0,-1.9,17.9,4.3,2.5
534,Ben Hansbrough,CHI,1.5,0,0,0,0,0,0,0,0,0
535,Ben Gordon,ORL,1.0,56,790,.038,-.056,-.9,-4.8,21.2,3.8,3.0
536,Avery Bradley,BOS,2.0,77,2428,.091,.015,.7,-2.6,21.2,4.8,2.7
537,Austin Rivers,(3+),1.7,76,1563,.086,.005,.2,-2.9,16.3,4.7,4.8
538,Austin Daye,"SAS, ATL",3.8,34,344,.050,-.129,-.9,-7.1,18.0,10.5,2.4
539,Arron Afflalo,"DEN, POR",2.2,78,2502,.093,.017,.9,-2.5,19.9,4.7,2.5
540,Aron Baynes,SAS,5.0,70,1122,.328,.127,3.0,.9,19.7,13.6,1.5
541,Arnett Moultrie,PHI,4.0,0,0,0,0,0,0,0,0,0
542,Arinze Onuaku,"IND, MIN",4.0,6,68,.572,.371,.5,8.5,19.1,14.8,2.8
543,Archie Goodwin,PHO,2.0,41,535,.058,-.018,-.2,-3.6,20.7,6.6,3.9
544,Anthony Tolliver,"PHO, DET",3.8,76,1432,.204,.027,.8,-2.2,16.2,7.9,2.0
545,Anthony Morrow,OKC,3.0,74,1806,.243,.167,6.3,2.1,21.0,5.2,1.6
546,Anthony Davis,NOR,4.3,68,2455,.484,.283,14.5,5.7,32.4,13.6,2.9
547,Anthony Bennett,MIN,4.0,57,894,.155,-.046,-.8,-4.5,16.0,11.6,2.6
548,Andrew Wiggins,MIN,3.0,82,2969,.104,.023,1.4,-2.4,22.4,6.0,2.7
549,Andrew Nicholson,ORL,4.0,40,492,.068,-.133,-1.4,-7.2,18.9,8.0,2.1
550,Andrew Bogut,GSW,5.0,67,1583,.430,.229,7.6,4.0,12.8,16.5,5.5
551,Andrei Kirilenko,"BRK, PHI",4.0,7,36,.124,-.077,-.1,-5.5,4.0,10.7,1.3
552,Andrea Bargnani,NYK,4.0,29,785,.134,-.067,-1.1,-5.2,26.3,7.8,2.8
553,Andre Roberson,OKC,2.4,67,1286,.270,.194,5.2,3.0,8.5,9.5,2.6
554,Andre Miller,"WAS, SAC",1.0,81,1253,.235,.141,3.7,1.3,13.6,5.9,10.9
555,Andre Iguodala,GSW,3.0,77,2069,.266,.190,8.2,2.8,14.0,6.0,5.3
556,Andre Drummond,DET,5.0,82,2502,.445,.245,12.8,4.5,21.7,21.2,1.1
557,Andre Dawkins,"MIA, BOS",2.0,4,22,-.236,-.312,-.1,-12.8,6.5,4.4,2.2
558,Anderson Varejao,CLE,4.5,26,636,.358,.157,2.1,1.8,19.2,12.8,2.6
559,Amir Johnson,TOR,4.2,75,1979,.320,.119,4.9,.6,16.8,11.1,2.8
560,Amare Stoudemire,"NYK, DAL",4.0,59,1245,.312,.112,2.9,.4,26.2,12.7,1.7
561,Alonzo Gee,"DEN, POR",2.7,54,662,.224,.148,2.0,1.5,17.5,6.8,1.8
562,Allen Crabbe,POR,2.0,51,683,.170,.093,1.3,-.2,11.8,5.1,2.7
563,Alexis Ajinca,NOR,5.0,68,957,.361,.161,3.2,1.9,22.2,15.8,2.4
564,Alexey Shved,(3+),1.5,42,767,.216,.132,2.1,1.0,27.2,6.2,6.6
565,Alex Len,PHO,5.0,69,1518,.326,.126,4.0,.8,13.7,14.4,1.0
566,Alex Kirk,"CLE, NYK",5.0,5,14,.050,-.150,.0,-7.7,13.7,3.4,3.4
567,Alec Burks,UTH,2.0,27,899,.129,.053,1.0,-1.4,20.0,6.1,4.4
568,Alan Anderson,BRK,2.0,74,1744,.178,.102,3.7,.1,15.0,5.6,2.3
569,Al-Farouq Aminu,DAL,3.0,74,1366,.323,.247,7.0,4.6,14.5,12.0,2.1
570,Al Jefferson,CHA,4.6,65,1992,.262,.061,2.5,-1.2,26.1,13.2,2.7
571,Al Horford,ATL,5.0,76,2318,.361,.161,7.8,1.9,23.9,11.3,5.1
572,Akil Mitchell,HOU,4.0,0,0,0,0,0,0,0,0,0
573,Adreian Payne,"ATL, MIN",4.0,32,739,.075,-.126,-1.9,-7.0,13.8,10.5,1.9
574,Adonis Thomas,IND,3.0,0,0,0,0,0,0,0,0,0
575,Aaron Gray,DET,5.0,0,0,0,0,0,0,0,0,0
576,Aaron Gordon,ORL,3.0,47,797,.214,.138,2.3,1.2,14.6,10.2,2.0
577,Aaron Craft,GSW,1.0,0,0,0,0,0,0,0,0,0
578,Aaron Brooks,CHI,1.0,82,1885,.099,.005,.2,-2.9,24.3,4.2,6.6
579,A.J. Price,(3+),1.1,26,324,.079,-.013,-.1,-3.5,19.7,4.7,6.8
580,,,,,,,,,,,,
