,NAME,TM,POS,G,M,AJP48,WP48,WP,POP48,PTS,REB,AST
0,,,,,,,,,,,,
1,Zydrunas Ilgauskas,MIA,5.0,72,1145,.255,.075,1.8,-.7,15.1,12.0,1.1
2,Zaza Pachulia,ATL,5.0,79,1243,.288,.108,2.8,.3,13.5,12.9,2.2
3,Zach Randolph,MEM,4.3,75,2723,.381,.202,11.5,3.2,26.5,16.1,2.9
4,Zabian Dowdell,PHO,1.0,24,292,-.008,-.096,-.6,-6.1,19.9,3.3,8.4
5,Yi Jianlian,WAS,4.0,63,1112,.131,-.048,-1.1,-4.6,15.3,10.7,1.1
6,Yao Ming,HOU,5.0,5,91,.280,.101,.2,.1,27.0,14.3,2.1
7,Xavier Henry,MEM,2.0,38,527,.005,-.076,-.8,-5.4,15.0,3.4,1.6
8,Wilson Chandler,"DEN, NYK",2.6,72,2400,.167,.086,4.3,-.4,22.0,8.2,2.4
9,Willie Warren,LAC,2.0,19,134,.126,.045,.1,-1.7,13.3,4.3,9.7
10,Willie Green,NOR,2.0,77,1663,.073,-.008,-.3,-3.3,19.4,4.6,2.1
11,Will Bynum,DET,1.0,61,1125,.111,.023,.5,-2.4,20.6,3.2,8.3
12,Wesley Matthews,POR,2.5,82,2758,.184,.103,5.9,.1,22.6,4.5,2.9
13,Wesley Johnson,MIN,3.0,79,2069,.104,.023,1.0,-2.4,16.5,5.6,3.4
14,Wayne Ellington,MIN,2.0,62,1181,.045,-.036,-.9,-4.2,16.7,4.4,2.9
15,Von Wafer,BOS,1.5,58,552,.150,.066,.8,-1.0,16.0,4.3,3.0
16,Vladimir Radmanovic,GSW,4.0,74,1169,.217,.037,.9,-1.9,15.4,8.7,3.2
17,Vince Carter,"ORL, PHO",2.2,73,2051,.128,.047,2.0,-1.6,23.9,6.4,3.4
18,Udonis Haslem,MIA,4.0,13,345,.313,.133,1.0,1.1,14.5,14.8,.8
19,Tyson Chandler,DAL,5.0,74,2058,.465,.286,12.3,5.8,17.4,16.1,.7
20,Tyrus Thomas,CHA,5.0,41,861,.248,.068,1.2,-1.0,23.4,12.5,1.6
21,Tyreke Evans,SAC,1.8,57,2107,.094,.012,.5,-2.7,23.1,6.3,7.3
22,Tyler Hansbrough,IND,4.0,70,1535,.220,.041,1.3,-1.8,24.0,11.4,1.3
23,Ty Lawson,DEN,1.0,80,2102,.285,.197,8.6,3.0,21.3,4.8,8.6
24,Troy Murphy,"BOS, BRK",4.7,35,466,.170,-.010,-.1,-3.4,11.2,11.6,2.4
25,Trey Johnson,"LAL, TOR",1.9,8,94,-.050,-.132,-.3,-7.2,17.3,3.6,5.6
26,Trevor Booker,WAS,4.0,65,1063,.329,.149,3.3,1.6,15.6,11.3,1.6
27,Trevor Ariza,NOR,3.0,75,2588,.170,.090,4.8,-.3,15.3,7.6,3.0
28,Travis Outlaw,BRK,3.2,82,2357,.087,-.011,-.6,-3.4,15.4,6.6,1.7
29,Tracy McGrady,DET,1.6,72,1685,.212,.129,4.5,.9,16.4,7.2,7.2
30,Tony Parker,SAS,1.0,78,2527,.235,.147,7.7,1.5,26.0,4.5,9.7
31,Tony Battie,PHI,4.5,38,377,.185,.005,.0,-2.9,12.7,12.6,1.5
32,Tony Allen,MEM,2.5,72,1494,.288,.207,6.4,3.4,20.7,6.2,3.3
33,Toney Douglas,NYK,1.0,81,1968,.189,.101,4.2,.1,20.9,6.0,5.9
34,Timofey Mozgov,"DEN, NYK",5.0,45,524,.176,-.004,.0,-3.2,14.9,11.1,1.4
35,Tim Duncan,SAS,4.6,76,2156,.389,.209,9.4,3.4,22.8,15.1,4.5
36,Tiago Splitter,SAS,4.5,60,738,.325,.145,2.2,1.4,18.1,13.1,1.7
37,Theo Ratliff,LAL,5.0,10,70,.200,.021,.0,-2.4,1.4,8.9,2.0
38,Thaddeus Young,PHI,3.8,82,2134,.278,.116,5.1,.5,23.5,9.8,1.8
39,Thabo Sefolosha,OKC,2.5,79,2049,.265,.184,7.9,2.6,9.4,8.1,2.6
40,Terrence Williams,"HOU, BRK",2.5,21,290,-.047,-.128,-.8,-7.1,17.6,8.4,6.3
41,Tayshaun Prince,DET,3.0,78,2561,.153,.069,3.7,-.9,20.6,6.2,4.0
42,Taj Gibson,CHI,4.0,80,1742,.299,.120,4.3,.6,15.7,12.6,1.6
43,T.J. Ford,IND,1.0,41,773,.106,.018,.3,-2.5,13.8,5.0,8.8
44,Sundiata Gaines,(3+),1.4,24,300,.078,-.008,.0,-3.3,17.7,6.1,6.7
45,Steve Novak,"DAL, SAS",3.9,30,215,.341,.170,.8,2.2,23.2,6.3,.7
46,Steve Nash,PHO,1.0,75,2497,.336,.247,12.9,4.6,21.3,5.0,16.4
47,Steve Blake,LAL,1.0,79,1581,.154,.066,2.2,-1.0,9.7,4.7,5.2
48,Stephen Jackson,CHA,2.4,67,2404,.086,.005,.3,-2.9,24.8,6.1,4.8
49,Stephen Graham,BRK,2.5,59,958,.048,-.033,-.7,-4.1,9.9,6.2,2.0
50,Stephen Curry,GSW,1.0,74,2489,.223,.135,7.0,1.1,26.5,5.5,8.3
51,Spencer Hawes,PHI,5.0,81,1718,.208,.028,1.0,-2.2,16.3,13.0,3.4
52,Sonny Weems,TOR,2.5,59,1413,.041,-.040,-1.2,-4.3,18.5,5.2,3.5
53,Solomon Jones,IND,4.6,39,528,.140,-.039,-.4,-4.3,12.6,10.3,2.7
54,Solomon Alabi,TOR,5.0,12,59,.008,-.172,-.2,-8.4,4.9,11.4,1.6
55,Sherron Collins,CHA,1.0,20,66,-.118,-.206,-.3,-9.5,12.4,3.6,5.8
56,Shelden Williams,"DEN, NYK",4.5,59,915,.281,.102,1.9,.1,13.8,14.3,1.7
57,Shawne Williams,NYK,4.0,64,1320,.203,.024,.7,-2.3,16.5,8.7,1.7
58,Shawn Marion,DAL,3.5,80,2252,.279,.149,7.0,1.6,21.3,11.7,2.3
59,Shaun Livingston,CHA,1.1,73,1260,.166,.079,2.1,-.6,18.2,5.7,6.2
60,Shaquille O'Neal,BOS,5.0,37,751,.335,.155,2.4,1.7,21.8,11.4,1.7
61,Shannon Brown,LAL,2.5,82,1568,.116,.035,1.2,-2.0,21.8,4.8,2.9
62,Shane Battier,"HOU, MEM",3.1,82,2374,.279,.190,9.4,2.8,12.6,7.5,3.7
63,Serge Ibaka,OKC,4.5,82,2215,.369,.189,8.7,2.8,17.5,13.5,.5
64,Semih Erden,"BOS, CLE",5.0,41,595,.228,.049,.6,-1.6,13.2,9.5,1.6
65,Sebastian Telfair,MIN,1.0,37,710,.055,-.033,-.5,-4.1,18.0,3.6,7.5
66,Sean Marks,POR,4.5,29,208,.068,-.111,-.5,-6.5,10.4,9.2,.9
67,Sasha Vujacic,"LAL, BRK",2.0,67,1648,.129,.048,1.6,-1.6,19.1,5.4,3.8
68,Sasha Pavlovic,(3+),3.0,31,362,.106,.025,.2,-2.3,10.1,4.2,2.1
69,Samuel Dalembert,SAC,5.0,80,1937,.298,.119,4.8,.6,16.0,16.3,1.7
70,Samardo Samuels,CLE,4.0,37,701,.117,-.063,-.9,-5.0,19.7,10.8,1.2
71,Sam Young,MEM,2.5,78,1577,.169,.088,2.9,-.3,17.4,5.7,2.2
72,Ryan Hollins,CLE,5.0,70,1181,.179,.000,.0,-3.1,15.2,7.6,1.1
73,Ryan Gomes,LAC,3.1,76,2095,.158,.064,2.8,-1.1,12.5,5.8,2.7
74,Ryan Anderson,ORL,4.4,64,1424,.380,.201,6.0,3.2,23.0,12.0,1.8
75,Russell Westbrook,OKC,1.0,82,2847,.245,.157,9.3,1.8,30.2,6.4,11.3
76,Rudy Gay,MEM,3.1,54,2151,.230,.134,6.0,1.1,23.9,7.5,3.4
77,Rudy Fernandez,POR,1.9,78,1820,.180,.098,3.7,.0,17.6,4.5,5.1
78,Royal Ivey,OKC,2.0,25,154,.118,.037,.1,-1.9,12.7,5.0,2.2
79,Roy Hibbert,IND,5.0,81,2244,.215,.036,1.7,-2.0,21.9,13.0,3.6
80,Ronny Turiaf,NYK,4.5,64,1140,.325,.145,3.4,1.4,11.2,8.7,3.9
81,Ronnie Price,UTH,2.0,59,717,-.035,-.116,-1.7,-6.7,13.2,4.1,3.8
82,Ronnie Brewer,CHI,2.5,81,1781,.304,.223,8.3,3.9,13.6,7.1,3.8
83,Ronald Dupree,TOR,3.0,3,13,-.115,-.196,-.1,-9.2,7.5,11.3,3.8
84,Ron Artest,LAL,3.0,82,2409,.188,.107,5.4,.3,13.9,5.3,3.5
85,Roger Mason,NYK,2.0,26,319,.105,.024,.2,-2.3,11.3,6.5,3.0
86,Rodrigue Beaubois,DAL,1.5,28,496,-.012,-.097,-1.0,-6.1,22.9,5.0,6.2
87,Rodney Stuckey,DET,1.5,70,2183,.179,.095,4.3,-.1,23.8,4.7,7.9
88,Rodney Carney,"GSW, MEM",2.5,27,335,.106,.025,.2,-2.3,18.2,6.9,1.6
89,Robin Lopez,PHO,5.0,67,991,.166,-.014,-.3,-3.5,20.9,10.5,.4
90,Richard Jefferson,SAS,3.1,81,2458,.210,.119,6.1,.6,17.4,6.1,2.1
91,Richard Hamilton,DET,2.4,55,1498,.080,-.001,.0,-3.1,24.9,4.0,5.5
92,Renaldo Balkman,"DEN, NYK",4.0,8,63,.136,-.044,-.1,-4.4,12.3,5.4,1.5
93,Reggie Williams,GSW,2.5,80,1626,.190,.109,3.7,.3,21.8,6.4,3.6
94,Reggie Evans,TOR,4.0,30,798,.424,.245,4.1,4.5,7.9,20.8,2.3
95,Raymond Felton,"DEN, NYK",1.6,75,2737,.213,.129,7.4,.9,20.4,4.7,11.0
96,Ray Allen,BOS,2.0,80,2890,.263,.182,11.0,2.6,21.9,4.6,3.6
97,Rasual Butler,"CHI, LAC",2.6,47,769,.034,-.047,-.8,-4.5,13.8,4.8,1.7
98,Rashard Lewis,"ORL, WAS",3.4,57,1824,.181,.062,2.4,-1.2,17.6,7.6,2.4
99,Randy Foye,LAC,1.5,63,1551,.080,-.004,-.1,-3.2,19.1,3.2,5.3
100,Ramon Sessions,CLE,1.5,81,2132,.224,.140,6.2,1.3,24.2,5.7,9.4
101,Rajon Rondo,BOS,1.0,68,2527,.327,.239,12.6,4.3,13.7,5.6,14.4
102,Raja Bell,UTH,2.0,68,2097,.119,.039,1.7,-1.9,12.4,4.0,2.7
103,Quinton Ross,BRK,2.5,36,353,.053,-.028,-.2,-3.9,7.8,4.1,1.4
104,Quincy Pondexter,NOR,3.5,66,729,.136,.008,.1,-2.8,12.4,5.8,1.8
105,Quentin Richardson,ORL,2.5,57,955,.164,.083,1.6,-.5,12.5,8.9,1.9
106,Pops Mensah-Bonsu,NOR,4.0,7,35,.099,-.080,-.1,-5.6,2.7,15.0,2.7
107,Peja Stojakovic,(3+),3.0,33,616,.225,.145,1.9,1.4,21.8,5.8,2.3
108,Paul Pierce,BOS,3.0,80,2774,.290,.209,12.1,3.4,26.2,7.4,4.5
109,Paul Millsap,UTH,4.0,76,2592,.291,.111,6.0,.4,24.3,10.7,3.5
110,Paul George,IND,2.5,61,1264,.211,.130,3.4,1.0,18.1,8.5,2.5
111,Pau Gasol,LAL,4.8,82,3037,.422,.243,15.4,4.5,24.4,13.2,4.3
112,Patrick Patterson,HOU,4.0,52,867,.331,.152,2.7,1.6,18.2,11.1,2.3
113,Patrick Mills,POR,1.0,64,783,.062,-.026,-.4,-3.9,21.6,3.1,6.7
114,Patrick Ewing,,1.0,0,0,0,0,0,0,0,0,0
115,Patrick Ewing,NOR,4.0,7,18,-.155,-.335,-.1,-13.5,8.0,5.3,5.3
116,Pape Sy,ATL,2.5,3,21,.078,-.003,.0,-3.2,16.0,6.9,4.6
117,Othyus Jeffers,"SAS, WAS",2.5,17,322,.289,.208,1.4,3.4,13.9,10.0,3.0
118,Orien Greene,BRK,1.0,3,4,.548,.459,.0,11.2,32.2,0,10.7
119,Omri Casspi,SAC,3.0,71,1702,.187,.107,3.8,.2,17.2,8.7,2.1
120,Omer Asik,CHI,5.0,82,989,.352,.173,3.6,2.3,11.1,14.8,1.6
121,O.J. Mayo,MEM,2.0,71,1869,.097,.016,.6,-2.6,20.6,4.4,3.7
122,Nikola Pekovic,MIN,5.0,65,887,.117,-.063,-1.2,-5.0,19.4,10.4,1.5
123,Nicolas Batum,POR,3.0,80,2521,.231,.150,7.9,1.6,18.9,6.9,2.3
124,Nick Young,WAS,2.5,64,2033,.064,-.017,-.7,-3.6,26.3,4.1,1.8
125,Nick Collison,OKC,4.5,71,1523,.276,.097,3.1,-.1,10.4,10.0,2.2
126,Nene Hilario,DEN,5.0,75,2290,.405,.225,10.8,3.9,22.9,12.0,3.1
127,Nenad Krstic,"BOS, OKC",5.0,71,1571,.233,.053,1.7,-1.4,17.6,10.2,.8
128,Nazr Mohammed,"CHA, OKC",5.0,75,1279,.267,.088,2.3,-.4,20.1,13.8,.9
129,Nate Robinson,"BOS, OKC",1.3,59,1013,.058,-.028,-.6,-4.0,19.0,4.3,5.3
130,Mustafa Shakur,WAS,1.0,22,159,-.062,-.150,-.5,-7.8,15.4,6.6,7.5
131,Morris Peterson,OKC,2.0,4,23,-.048,-.129,-.1,-7.1,8.4,6.3,2.1
132,Monta Ellis,GSW,1.8,80,3226,.132,.050,3.4,-1.5,28.7,4.2,6.7
133,Mo Williams,"CLE, LAC",1.0,58,1788,.070,-.018,-.7,-3.6,21.8,4.1,10.2
134,Mike Miller,MIA,2.8,41,837,.214,.133,2.3,1.1,13.1,10.5,2.9
135,Mike Harris,HOU,3.0,4,16,.272,.191,.1,2.9,24.5,15.3,3.1
136,Mike Dunleavy,,3.0,61,1683,.262,.181,6.3,2.6,19.5,7.9,3.0
137,Mike Dunleavy,IND,1.9,61,1682,.261,.179,6.3,2.5,19.5,7.9,3.0
138,Mike Conley,MEM,1.0,81,2871,.226,.138,8.3,1.2,18.5,4.1,8.8
139,Mike Bibby,(3+),1.0,80,2284,.177,.089,4.2,-.3,14.5,4.1,5.6
140,Mickael Pietrus,"ORL, PHO",2.1,57,1107,.102,.021,.5,-2.4,17.8,5.5,1.4
141,Michael Redd,MIL,2.5,10,134,.092,.011,.0,-2.7,15.7,2.9,4.3
142,Michael Beasley,MIN,3.2,73,2361,.057,-.048,-2.4,-4.6,28.5,8.3,3.2
143,Melvin Ely,DEN,4.5,30,366,.230,.051,.4,-1.5,9.0,9.7,1.8
144,Mehmet Okur,UTH,5.0,13,168,.113,-.066,-.2,-5.1,18.2,8.6,5.4
145,Maurice Evans,"ATL, WAS",2.5,73,1548,.120,.039,1.3,-1.9,14.3,4.8,1.4
146,Maurice Ager,MIN,2.0,4,29,.020,-.061,.0,-5.0,24.8,3.3,1.7
147,Matt Carroll,CHA,2.0,54,582,.121,.040,.5,-1.8,19.4,5.6,1.9
148,Matt Bonner,SAS,4.5,66,1431,.283,.104,3.1,.1,16.1,8.0,2.0
149,Matt Barnes,LAL,2.6,53,1019,.293,.212,4.5,3.5,16.8,10.7,3.3
150,Marvin Williams,ATL,3.0,65,1864,.225,.144,5.6,1.4,17.4,8.1,2.3
151,Martell Webster,MIN,2.0,46,1094,.158,.077,1.7,-.7,19.9,6.4,2.3
152,Marreese Speights,PHI,4.9,64,733,.199,.019,.3,-2.5,22.5,13.7,2.0
153,Marquis Daniels,BOS,2.8,49,938,.225,.144,2.8,1.4,13.9,5.8,3.3
154,Mario West,BRK,2.5,6,116,.184,.103,.2,.1,9.1,4.6,4.1
155,Mario Chalmers,MIA,1.0,70,1578,.164,.076,2.5,-.7,13.6,4.4,5.4
156,Marcus Thornton,"NOR, SAC",2.0,73,1775,.163,.082,3.0,-.5,25.2,7.0,3.7
157,Marcus Cousin,UTH,5.0,4,18,.193,.013,.0,-2.7,10.5,7.9,0
158,Marcus Camby,POR,5.0,59,1540,.434,.255,8.2,4.8,8.6,18.9,3.8
159,Marcus Banks,TOR,1.0,3,22,.009,-.079,.0,-5.5,13.2,2.2,6.6
160,Marco Belinelli,NOR,2.4,80,1940,.115,.034,1.4,-2.0,20.7,3.7,2.3
161,Marcin Gortat,"ORL, PHO",5.0,80,2033,.373,.193,8.2,2.9,19.3,14.9,1.7
162,Marc Gasol,MEM,5.0,81,2586,.325,.145,7.8,1.4,17.7,10.6,3.7
163,Manu Ginobili,SAS,2.5,80,2425,.280,.199,10.1,3.1,27.6,5.8,7.8
164,Manny Harris,CLE,2.0,54,933,.108,.027,.5,-2.2,16.5,7.2,4.4
165,Malik Allen,ORL,4.5,18,178,.101,-.078,-.3,-5.5,6.2,8.6,1.1
166,Luther Head,SAC,1.5,36,585,.162,.078,.9,-.7,16.4,4.9,5.7
167,Luol Deng,CHI,3.1,82,3207,.233,.141,9.4,1.3,21.4,7.1,3.4
168,Luke Walton,LAL,3.9,54,484,.053,-.114,-1.2,-6.6,9.0,6.6,6.1
169,Luke Ridnour,MIN,1.0,71,2159,.225,.137,6.2,1.2,18.7,4.4,8.5
170,Luke Harangody,"BOS, CLE",4.0,49,640,.151,-.029,-.4,-4.0,14.5,10.7,2.2
171,Luke Babbitt,POR,4.0,24,137,-.151,-.331,-.9,-13.4,12.6,10.5,2.1
172,Luis Scola,HOU,4.5,74,2411,.203,.024,1.2,-2.3,26.9,12.1,3.7
173,Luc Richard Mbah a Moute,MIL,3.5,79,2092,.283,.152,6.6,1.7,12.1,9.6,1.6
174,Louis Williams,PHI,1.4,75,1747,.155,.070,2.5,-.9,28.2,4.1,6.9
175,Louis Amundson,GSW,4.0,46,691,.208,.029,.4,-2.2,13.9,12.9,1.2
176,Linas Kleiza,TOR,2.6,39,1032,.037,-.044,-.9,-4.4,20.3,8.2,1.9
177,Lester Hudson,WAS,1.5,11,73,-.067,-.152,-.2,-7.8,11.8,3.3,11.1
178,Leon Powe,"CLE, MEM",4.3,30,328,.163,-.017,-.1,-3.6,23.2,9.2,1.0
179,Leandro Barbosa,TOR,1.4,58,1394,.061,-.024,-.7,-3.8,26.5,3.4,4.1
180,LeBron James,MIA,3.2,79,3062,.370,.270,17.2,5.3,33.1,9.2,8.7
181,Lazar Hayward,MIN,2.2,42,419,.088,.007,.1,-2.9,18.3,8.0,3.2
182,Larry Sanders,MIL,4.9,60,872,.180,.000,.0,-3.1,14.3,9.8,.9
183,Larry Owens,"SAS, WAS",2.6,12,141,.197,.116,.3,.5,13.7,5.1,2.7
184,Landry Fields,NYK,2.5,82,2541,.295,.214,11.3,3.6,15.1,9.8,2.9
185,Lance Stephenson,IND,1.0,12,115,-.069,-.157,-.4,-8.0,15.5,7.5,8.8
186,Lamar Odom,LAL,4.0,82,2638,.368,.188,10.3,2.8,21.5,12.9,4.5
187,LaMarcus Aldridge,POR,4.5,81,3211,.289,.110,7.3,.3,26.4,10.6,2.5
188,Kyrylo Fesenko,UTH,5.0,53,456,.069,-.111,-1.1,-6.5,11.2,11.4,1.9
189,Kyle Weaver,UTH,2.5,5,69,.078,-.003,.0,-3.2,19.4,6.9,4.8
190,Kyle Lowry,HOU,1.0,75,2563,.266,.178,9.5,2.4,18.9,5.8,9.4
191,Kyle Korver,CHI,2.1,82,1649,.175,.094,3.2,-.1,19.8,4.4,3.6
192,Kwame Brown,CHA,5.0,66,1714,.279,.100,3.6,.0,14.7,12.6,1.2
193,Kurt Thomas,CHI,4.5,52,1178,.308,.129,3.2,.9,8.6,12.3,2.4
194,Kris Humphries,BRK,4.0,74,2060,.411,.231,9.9,4.1,17.3,18.0,2.0
195,Kosta Koufos,"DEN, MIN",4.5,50,433,.199,.019,.2,-2.5,17.7,14.4,.8
196,Kobe Bryant,LAL,2.0,82,2778,.191,.110,6.3,.3,35.9,7.2,6.7
197,Kirk Hinrich,"ATL, WAS",1.7,72,2156,.156,.073,3.3,-.8,16.4,4.1,6.4
198,Keyon Dooling,MIL,1.5,80,1756,.155,.070,2.6,-.9,15.6,3.2,6.6
199,Kevin Seraphin,WAS,4.5,58,634,.150,-.030,-.4,-4.0,11.7,11.5,.8
200,Kevin Martin,HOU,2.0,80,2602,.185,.104,5.6,.2,34.6,4.8,3.7
201,Kevin Love,MIN,4.5,73,2610,.501,.321,17.5,6.9,27.1,20.5,3.4
202,Kevin Garnett,BOS,4.0,71,2219,.382,.202,9.4,3.2,22.8,13.6,3.7
203,Kevin Durant,OKC,3.0,78,3037,.247,.162,10.2,1.9,34.2,8.4,3.4
204,Kenyon Martin,DEN,4.0,48,1233,.270,.091,2.3,-.3,16.1,11.6,4.2
205,Kendrick Perkins,"BOS, OKC",5.0,29,742,.269,.089,1.4,-.3,11.3,15.0,1.7
206,Keith Bogans,CHI,2.0,82,1461,.205,.124,3.8,.8,11.8,4.9,3.3
207,Juwan Howard,MIA,4.0,57,591,.189,.010,.1,-2.8,11.3,9.9,1.9
208,Julian Wright,TOR,3.0,52,766,.251,.170,2.7,2.2,11.8,7.4,3.6
209,Jrue Holiday,PHI,1.0,82,2901,.213,.125,7.6,.8,18.9,5.5,8.8
210,Josh Smith,ATL,4.0,77,2644,.284,.108,6.0,.3,23.1,11.9,4.6
211,Josh Powell,ATL,4.5,54,653,.066,-.114,-1.6,-6.6,16.5,9.9,1.6
212,Josh McRoberts,IND,4.5,72,1596,.366,.187,6.2,2.7,16.0,11.5,4.5
213,Josh Howard,WAS,2.5,18,408,.020,-.061,-.5,-5.0,17.9,8.7,2.8
214,Josh Childress,PHO,2.5,54,893,.261,.180,3.3,2.5,14.6,8.3,2.3
215,Jose Calderon,TOR,1.0,68,2102,.261,.173,7.6,2.3,15.3,4.6,13.8
216,Jordan Hill,HOU,4.5,72,1124,.222,.042,1.0,-1.8,17.3,13.1,1.2
217,Jordan Farmar,BRK,1.0,73,1796,.156,.068,2.5,-1.0,18.7,4.6,9.8
218,Jordan Crawford,"ATL, WAS",1.4,42,1026,-.014,-.099,-2.1,-6.2,22.9,4.9,5.5
219,Jonny Flynn,MIN,1.0,53,983,.012,-.076,-1.6,-5.4,13.6,3.8,8.9
220,Jon Brockman,MIL,4.5,63,677,.302,.122,1.7,.7,9.6,13.0,1.3
221,John Wall,WAS,1.0,69,2606,.159,.071,3.9,-.9,20.8,5.8,10.6
222,John Salmons,MIL,2.3,73,2554,.150,.069,3.7,-.9,19.2,5.0,4.7
223,John Lucas,CHI,1.0,2,10,-.173,-.261,-.1,-11.2,9.5,0,4.8
224,Johan Petro,BRK,5.0,77,893,.120,-.059,-1.1,-4.9,14.7,11.4,2.4
225,Joey Graham,CLE,3.0,39,586,.031,-.050,-.6,-4.6,16.5,6.9,1.5
226,Joey Dorsey,TOR,4.5,43,522,.373,.193,2.1,2.9,12.4,17.5,2.5
227,Joel Przybilla,"CHA, POR",5.0,36,520,.245,.065,.7,-1.0,5.9,13.4,1.2
228,Joel Anthony,MIA,4.3,75,1463,.271,.091,2.8,-.2,5.0,8.7,.8
229,Joe Smith,"LAL, BRK",4.3,16,69,-.024,-.204,-.3,-9.4,5.5,14.6,2.8
230,Joe Johnson,ATL,2.5,72,2554,.135,.054,2.9,-1.4,24.7,5.5,6.4
231,Jodie Meeks,PHI,2.0,74,2062,.205,.124,5.3,.8,18.0,4.0,1.8
232,Joakim Noah,CHI,4.9,48,1575,.452,.272,8.9,5.4,17.1,15.2,3.3
233,Jerryd Bayless,"NOR, TOR",1.5,71,1494,.116,.031,1.0,-2.1,20.9,5.3,8.5
234,Jerry Stackhouse,MIA,2.5,7,50,.056,-.025,.0,-3.9,11.6,6.8,2.9
235,Jermaine Taylor,"HOU, SAC",2.0,34,482,.083,.002,.0,-3.0,22.2,6.2,3.2
236,Jermaine O'Neal,BOS,5.0,24,431,.152,-.027,-.2,-3.9,14.4,9.8,1.3
237,Jeremy Lin,GSW,1.0,29,284,.249,.161,1.0,1.9,12.8,5.7,7.1
238,Jeremy Evans,UTH,3.0,49,463,.399,.318,3.1,6.8,18.5,10.1,2.5
239,Jeff Teague,ATL,1.4,70,962,.179,.093,1.9,-.2,18.0,5.1,6.9
240,Jeff Green,"BOS, OKC",3.9,75,2427,.154,-.015,-.8,-3.6,19.7,7.1,2.1
241,Jeff Foster,IND,5.0,56,939,.452,.273,5.3,5.4,9.6,17.9,2.4
242,Jeff Adrien,GSW,4.0,23,196,.204,.024,.1,-2.3,14.0,14.2,2.5
243,Jawad Williams,CLE,3.0,26,391,-.038,-.119,-1.0,-6.8,12.8,5.9,2.7
244,Jason Williams,"MEM, ORL",1.0,27,295,.162,.074,.5,-.8,8.8,4.9,8.5
245,Jason Thompson,SAC,4.5,75,1748,.231,.052,1.9,-1.5,18.2,12.5,2.4
246,Jason Terry,DAL,1.9,82,2564,.136,.055,2.9,-1.4,24.2,2.9,6.3
247,Jason Smith,NOR,4.6,77,1089,.186,.006,.1,-2.9,14.6,10.6,1.6
248,Jason Richardson,"ORL, PHO",2.5,80,2714,.203,.122,6.9,.7,22.1,5.9,2.6
249,Jason Maxiell,DET,4.5,57,930,.173,-.007,-.1,-3.3,12.2,8.9,.9
250,Jason Kidd,DAL,1.0,80,2652,.305,.217,12.0,3.7,11.4,6.4,11.9
251,Jason Kapono,PHI,3.0,24,111,-.028,-.109,-.3,-6.5,6.9,4.7,1.7
252,Jason Collins,ATL,5.0,49,593,.147,-.033,-.4,-4.1,7.8,8.3,1.8
253,Jarron Collins,"LAC, POR",5.0,28,181,.047,-.132,-.5,-7.2,5.0,6.4,.5
254,Jarrett Jack,"NOR, TOR",1.3,83,1709,.117,.031,1.1,-2.1,20.6,4.9,6.8
255,Jared Jeffries,"HOU, NYK",4.5,42,601,.225,.045,.6,-1.7,5.9,9.3,2.9
256,Jared Dudley,PHO,2.5,82,2139,.274,.193,8.6,2.9,19.5,7.1,2.4
257,James Posey,IND,2.5,49,839,.114,.033,.6,-2.0,13.7,8.4,1.9
258,James Jones,MIA,2.5,81,1548,.232,.151,4.9,1.6,14.7,5.0,1.3
259,James Johnson,"CHI, TOR",3.5,38,821,.171,.039,.7,-1.9,15.8,8.3,5.2
260,James Harden,OKC,2.0,82,2188,.229,.148,6.8,1.5,21.9,5.6,3.9
261,James Anderson,SAS,3.0,26,286,.071,-.010,-.1,-3.4,15.8,3.9,3.0
262,Jameer Nelson,ORL,1.0,76,2319,.202,.114,5.5,.5,20.6,4.7,9.4
263,Jamario Moon,"CLE, LAC",3.3,59,1042,.200,.093,2.0,-.2,11.7,7.6,2.4
264,Jamal Crawford,ATL,1.5,76,2296,.120,.035,1.7,-2.0,22.5,2.7,5.0
265,Jamaal Magloire,MIA,5.0,18,158,.418,.239,.8,4.3,10.7,18.6,.9
266,JaVale McGee,WAS,5.0,79,2192,.361,.182,8.3,2.6,17.5,13.9,.8
267,J.R. Smith,DEN,2.5,79,1967,.213,.132,5.4,1.0,23.6,7.9,4.3
268,J.J. Redick,ORL,2.0,59,1513,.198,.117,3.7,.6,18.8,3.6,3.2
269,J.J. Hickson,CLE,4.9,80,2256,.182,.003,.1,-3.0,23.5,14.8,1.9
270,J.J. Barea,DAL,1.5,81,1668,.124,.039,1.4,-1.9,22.1,4.6,9.1
271,Ishmael Smith,"HOU, MEM",1.0,43,442,.066,-.022,-.2,-3.8,11.0,5.1,8.6
272,Ime Udoka,SAS,3.0,20,130,.116,.036,.1,-2.0,5.2,7.0,4.8
273,Ike Diogu,LAC,4.5,36,469,.211,.031,.3,-2.1,21.2,11.8,.2
274,Ian Mahinmi,DAL,5.0,56,488,.285,.105,1.1,.2,17.0,11.8,.8
275,Hilton Armstrong,"ATL, WAS",4.6,53,488,.239,.060,.6,-1.2,9.0,12.9,1.4
276,Hedo Turkoglu,"ORL, PHO",3.3,81,2540,.231,.121,6.4,.7,16.6,6.7,6.5
277,Hassan Whiteside,SAC,5.0,1,2,-.742,-.922,.0,-31.8,0,0,0
278,Hasheem Thabeet,"HOU, MEM",5.0,47,373,.145,-.035,-.3,-4.2,6.8,9.6,.5
279,Hamed Haddadi,MEM,5.0,31,168,.404,.225,.8,3.9,21.4,19.4,1.4
280,Hamady Ndiaye,WAS,5.0,16,80,.100,-.080,-.1,-5.6,8.4,4.2,0
281,Hakim Warrick,PHO,4.0,80,1415,.248,.068,2.0,-1.0,22.7,10.0,2.3
282,Greivis Vasquez,MEM,1.1,70,859,.095,.008,.1,-2.8,13.9,4.1,8.4
283,Greg Monroe,DET,5.0,80,2221,.388,.209,9.7,3.4,16.2,13.0,2.3
284,Grant Hill,PHO,3.3,80,2408,.179,.066,3.3,-1.0,21.0,6.7,4.0
285,Gordon Hayward,UTH,3.0,72,1199,.162,.081,2.0,-.6,15.5,5.6,3.2
286,Goran Dragic,"HOU, PHO",1.2,70,1233,.109,.022,.6,-2.4,20.4,5.5,7.9
287,Glen Davis,BOS,4.5,78,2297,.167,-.012,-.6,-3.5,19.1,8.9,1.9
288,Gilbert Arenas,"ORL, WAS",1.4,70,1796,.025,-.060,-2.3,-5.0,20.2,5.1,7.3
289,Gerald Wallace,"CHA, POR",3.7,71,2692,.263,.118,6.6,.6,19.8,10.1,3.1
290,Gerald Henderson,CHA,2.0,68,1661,.141,.060,2.1,-1.2,18.9,6.0,2.9
291,George Hill,SAS,1.5,76,2147,.200,.116,5.2,.5,19.8,4.4,4.3
292,Gary Neal,SAS,2.0,80,1684,.131,.051,1.8,-1.5,22.3,5.6,2.7
293,Gary Forbes,DEN,3.0,63,790,.114,.033,.5,-2.1,19.8,7.0,2.9
294,Garrett Temple,(3+),2.0,24,230,-.044,-.125,-.6,-7.0,11.9,4.8,6.7
295,Garret Siler,PHO,5.0,21,101,.183,.003,.0,-3.0,21.4,13.3,1.4
296,Gani Lawal,PHO,4.0,1,2,-.297,-.476,.0,-17.9,0,0,0
297,Francisco Garcia,SAC,2.8,58,1385,.175,.094,2.7,-.2,19.4,4.6,2.5
298,Francisco Elson,UTH,4.6,62,601,.188,.009,.1,-2.8,10.7,9.2,2.6
299,Fabricio Oberto,POR,4.5,5,45,.022,-.158,-.1,-8.0,7.5,7.5,0
300,Evan Turner,PHI,3.0,78,1797,.153,.072,2.7,-.8,15.1,8.2,4.2
301,Eugene Jeter,SAC,1.5,62,857,.123,.038,.7,-1.9,14.3,3.9,9.1
302,Etan Thomas,ATL,4.5,13,82,.290,.111,.2,.4,18.7,13.5,1.2
303,Ersan Ilyasova,MIL,3.9,60,1505,.262,.090,2.8,-.3,18.2,11.6,1.8
304,Erick Dampier,MIA,5.0,51,815,.315,.135,2.3,1.1,7.5,10.4,1.3
305,Eric Maynor,OKC,1.0,82,1199,.147,.059,1.5,-1.2,13.9,4.8,9.5
306,Eric Gordon,LAC,2.0,56,2112,.169,.088,3.9,-.3,28.3,3.7,5.5
307,Eric Bledsoe,LAC,1.3,81,1840,.152,.066,2.5,-1.0,14.2,5.8,7.5
308,Emeka Okafor,NOR,5.0,72,2273,.373,.194,9.2,2.9,15.7,14.4,.9
309,Elton Brand,PHI,4.5,81,2809,.325,.145,8.5,1.4,20.8,11.6,2.1
310,Ekpe Udoh,GSW,4.9,58,1029,.164,-.016,-.3,-3.6,11.0,8.4,1.9
311,Eduardo Najera,CHA,4.8,31,372,.084,-.096,-.7,-6.0,8.9,5.7,2.6
312,Eddie House,MIA,1.5,56,978,.158,.073,1.5,-.8,17.8,4.5,3.0
313,Ed Davis,TOR,4.5,65,1601,.361,.182,6.1,2.6,15.0,13.8,1.2
314,Earl Watson,UTH,1.0,80,1551,.184,.096,3.1,-.1,10.6,5.6,8.6
315,Earl Clark,"ORL, PHO",3.5,42,463,.129,-.001,.0,-3.1,16.9,10.5,.9
316,Earl Boykins,MIL,1.0,57,861,.199,.111,2.0,.4,22.7,3.1,7.9
317,Earl Barron,(3+),4.7,21,305,.035,-.145,-.9,-7.6,12.4,11.9,1.7
318,Dwyane Wade,MIA,1.9,76,2823,.311,.229,13.5,4.0,33.0,8.2,5.9
319,Dwight Howard,ORL,5.0,78,2935,.498,.318,19.5,6.8,29.2,18.0,1.8
320,Drew Gooden,MIL,4.5,35,860,.222,.042,.8,-1.8,22.1,13.3,2.6
321,Dorell Wright,GSW,2.9,82,3146,.197,.116,7.6,.5,20.5,6.6,3.7
322,Donte Greene,SAC,3.0,69,1127,.088,.003,.1,-3.0,17.0,6.3,2.0
323,Dominique Jones,DAL,2.0,18,135,.100,.019,.1,-2.5,14.9,8.9,6.8
324,Dominic McGuire,CHA,3.5,52,760,.218,.088,1.4,-.3,11.0,12.6,2.7
325,Dirk Nowitzki,DAL,4.0,73,2504,.292,.113,5.9,.4,32.2,9.8,3.6
326,Didier Ilunga-Mbenga,NOR,5.0,41,330,.284,.105,.7,.2,8.6,12.5,.9
327,Dexter Pittman,MIA,5.0,2,11,-.219,-.398,-.1,-15.5,8.5,12.8,0
328,Devin Harris,"BRK, UTH",1.0,71,2234,.167,.078,3.7,-.6,23.2,3.6,10.8
329,Devin Ebanks,LAL,3.0,20,118,.271,.190,.5,2.8,25.3,11.0,.8
330,Derrick Rose,CHI,1.0,81,3026,.253,.165,10.4,2.1,32.1,5.2,9.9
331,Derrick Favors,"BRK, UTH",4.0,78,1523,.265,.086,2.7,-.4,16.8,13.0,1.2
332,Derrick Caracter,LAL,4.0,41,215,.100,-.080,-.4,-5.6,18.1,9.6,1.6
333,Derrick Brown,"CHA, NYK",3.6,49,575,.246,.108,1.3,.3,15.4,8.3,2.8
334,Deron Williams,"BRK, UTH",1.0,65,2465,.251,.163,8.4,2.0,25.5,5.1,13.0
335,Derek Fisher,LAL,1.0,82,2297,.140,.052,2.5,-1.5,11.7,3.2,4.7
336,Delonte West,BOS,1.5,24,453,.202,.118,1.1,.6,14.3,3.9,6.8
337,DeShawn Stevenson,DAL,2.7,72,1158,.138,.057,1.4,-1.3,15.9,4.4,3.2
338,DeSagana Diop,CHA,5.0,16,181,.155,-.025,-.1,-3.8,5.3,10.6,1.9
339,DeMarre Carroll,"HOU, MEM",4.0,12,50,.153,-.026,.0,-3.9,9.6,7.7,3.8
340,DeMarcus Cousins,SAC,4.5,81,2309,.133,-.047,-2.3,-4.5,23.8,14.5,4.2
341,DeMar DeRozan,TOR,2.5,82,2850,.086,.005,.3,-2.9,23.7,5.3,2.5
342,DeJuan Blair,SAS,4.5,81,1733,.339,.159,5.7,1.9,18.7,15.7,2.1
343,DeAndre Jordan,LAC,4.6,80,2046,.391,.211,9.0,3.5,13.3,13.5,1.0
344,David West,NOR,4.0,70,2450,.272,.093,4.7,-.2,25.9,10.4,3.2
345,David Lee,GSW,4.5,73,2634,.278,.098,5.4,.0,21.9,13.0,4.2
346,David Andersen,"NOR, TOR",4.7,40,372,.152,-.027,-.2,-3.9,17.3,10.8,1.7
347,Darren Collison,IND,1.0,79,2360,.208,.120,5.9,.6,21.1,4.6,8.2
348,Darrell Arthur,MEM,4.0,80,1608,.200,.020,.7,-2.4,21.8,10.2,1.6
349,Darnell Jackson,SAC,4.0,59,486,.173,-.007,-.1,-3.3,18.5,9.3,1.4
350,Darko Milicic,MIN,5.0,69,1686,.145,-.035,-1.2,-4.2,17.3,10.3,3.0
351,Darius Songaila,PHI,4.5,10,70,-.079,-.259,-.4,-11.1,10.9,6.8,1.4
352,Dante Cunningham,"CHA, POR",4.0,78,1637,.164,-.015,-.5,-3.5,14.1,8.1,1.3
353,Danny Green,SAS,2.9,8,91,.177,.096,.2,-.1,21.5,7.9,1.0
354,Danny Granger,IND,3.6,79,2762,.185,.042,2.4,-1.8,28.2,7.4,3.5
355,Danilo Gallinari,"NYK, DEN",3.1,62,2104,.231,.139,6.1,1.2,22.1,7.0,2.4
356,Daniel Gibson,CLE,1.2,67,1864,.127,.041,1.6,-1.8,20.1,4.6,5.2
357,Dan Gadzuric,"GSW, BRK",4.8,42,462,.171,-.009,-.1,-3.4,12.2,14.0,1.5
358,Damion James,BRK,2.8,25,403,.183,.102,.9,.1,13.1,10.1,2.4
359,Damien Wilkins,ATL,2.5,52,676,.223,.142,2.0,1.3,12.8,6.4,2.9
360,Dahntay Jones,IND,2.5,45,589,.124,.044,.5,-1.7,23.1,5.3,2.7
361,Daequan Cook,OKC,2.1,43,598,.210,.129,1.6,.9,19.2,5.8,1.6
362,DaJuan Summers,DET,3.5,22,199,-.122,-.253,-1.0,-10.9,17.9,2.9,.5
363,D.J. White,"OKC, CHA",3.9,47,684,.257,.089,1.3,-.3,18.8,11.1,1.3
364,D.J. Augustin,CHA,1.0,82,2757,.186,.098,5.7,.0,20.5,3.9,8.7
365,Craig Smith,LAC,4.0,48,586,.233,.053,.6,-1.4,21.1,9.6,2.5
366,Craig Brackins,PHI,4.0,3,33,-.251,-.430,-.3,-16.5,11.7,5.8,1.5
367,Courtney Lee,HOU,2.5,81,1722,.161,.080,2.9,-.6,18.7,5.8,2.8
368,Corey Maggette,MIL,3.5,67,1400,.136,.005,.2,-2.9,27.6,8.3,2.9
369,Corey Brewer,"DAL, MIN",2.1,69,1510,.098,.017,.5,-2.5,17.5,5.6,2.8
370,Cole Aldrich,OKC,5.0,18,141,.233,.054,.2,-1.4,6.1,11.9,1.4
371,Chuck Hayes,HOU,4.5,74,2079,.403,.223,9.7,3.9,13.4,13.8,4.7
372,Christian Eyenga,CLE,2.5,44,947,.075,-.006,-.1,-3.3,15.4,6.2,1.8
373,Chris Wilcox,DET,4.7,57,994,.312,.133,2.7,1.0,20.5,13.1,2.1
374,Chris Quinn,SAS,1.0,41,292,.022,-.066,-.4,-5.1,13.3,4.1,6.9
375,Chris Paul,NOR,1.0,80,2865,.401,.313,18.7,6.7,21.2,5.5,13.1
376,Chris Kaman,LAC,5.0,32,837,.183,.004,.1,-3.0,22.8,12.9,2.6
377,Chris Johnson,,1.0,0,0,0,0,0,0,0,0,0
378,Chris Johnson,"BOS, POR",5.0,14,139,.243,.064,.2,-1.1,11.4,11.1,1.0
379,Chris Duhon,ORL,1.0,51,774,.113,.025,.4,-2.3,7.8,3.2,7.3
380,Chris Douglas-Roberts,MIL,2.5,44,884,.141,.061,1.1,-1.2,17.5,4.8,2.7
381,Chris Bosh,MIA,4.5,77,2794,.293,.113,6.6,.4,24.7,11.0,2.5
382,Chris Andersen,DEN,4.2,45,732,.488,.308,4.7,6.5,16.4,14.4,1.3
383,Chauncey Billups,"DEN, NYK",1.0,72,2310,.250,.162,7.8,1.9,25.1,3.9,8.0
384,Chase Budinger,HOU,2.8,78,1737,.176,.095,3.4,-.1,21.1,7.8,3.5
385,Charlie Villanueva,DET,4.0,76,1665,.159,-.021,-.7,-3.7,24.2,8.5,1.4
386,Charlie Bell,GSW,2.5,19,171,.017,-.064,-.2,-5.1,9.0,5.1,3.7
387,Channing Frye,PHO,4.5,77,2541,.190,.011,.6,-2.7,18.4,9.7,1.8
388,Cartier Martin,WAS,2.7,52,542,.142,.061,.7,-1.2,18.5,6.6,1.6
389,Caron Butler,DAL,3.0,29,867,.105,.024,.4,-2.3,24.1,6.5,2.5
390,Carmelo Anthony,"DEN, NYK",3.6,77,2751,.189,.049,2.8,-1.5,34.4,9.8,3.9
391,Carlos Delfino,MIL,2.5,49,1590,.225,.144,4.8,1.4,17.1,6.0,3.4
392,Carlos Boozer,CHI,4.5,59,1881,.264,.085,3.3,-.4,26.4,14.4,3.7
393,Carlos Arroyo,"BOS, MIA",1.0,64,1184,.145,.057,1.4,-1.3,12.6,4.2,5.1
394,Carl Landry,"NOR, SAC",4.0,76,1996,.200,.020,.8,-2.5,21.7,8.3,1.5
395,C.J. Watson,CHI,1.1,82,1090,.129,.042,1.0,-1.8,17.8,4.1,8.2
396,C.J. Miles,UTH,2.5,78,1950,.076,-.005,-.2,-3.2,24.6,6.3,3.3
397,Byron Mullens,OKC,5.0,13,85,-.052,-.232,-.4,-10.3,14.1,13.5,0
398,Brook Lopez,BRK,5.0,82,2889,.194,.014,.9,-2.6,27.8,8.1,2.1
399,Brian Skinner,MIL,4.5,2,6,.126,-.054,.0,-4.8,0,0,0
400,Brian Scalabrine,CHI,4.5,18,88,.080,-.100,-.2,-6.2,10.9,4.4,3.3
401,Brian Cook,LAC,4.0,40,447,.121,-.059,-.5,-4.9,20.7,10.3,1.6
402,Brian Cardinal,DAL,3.5,56,618,.225,.095,1.2,-.1,11.3,4.6,3.1
403,Brendan Haywood,DAL,5.0,72,1331,.318,.138,3.8,1.2,11.5,13.6,.7
404,Brandon Rush,IND,2.1,67,1753,.165,.084,3.1,-.5,16.6,5.9,1.7
405,Brandon Roy,POR,2.5,47,1309,.105,.024,.7,-2.3,21.0,4.4,4.7
406,Brandon Jennings,MIL,1.0,63,2168,.158,.069,3.1,-.9,22.6,5.2,6.8
407,Brandon Bass,ORL,4.0,76,1980,.280,.100,4.1,.0,20.7,10.3,1.4
408,Brandan Wright,"GSW, BRK",4.0,37,379,.293,.114,.9,.5,17.9,11.3,1.5
409,Brad Miller,HOU,5.0,60,1015,.306,.127,2.7,.9,18.1,10.5,6.9
410,Boris Diaw,CHA,3.5,82,2778,.236,.106,6.1,.2,16.0,7.2,5.8
411,Bobby Simmons,SAS,4.0,2,16,-.250,-.430,-.1,-16.4,0,0,6.2
412,Blake Griffin,LAC,4.5,82,3111,.317,.137,8.9,1.2,28.5,15.3,4.8
413,Bill Walker,NYK,2.5,61,783,.158,.077,1.3,-.7,18.3,7.5,2.1
414,Beno Udrih,SAC,1.0,79,2733,.251,.163,9.3,2.0,19.1,4.7,6.8
415,Ben Wallace,DET,4.5,54,1238,.387,.208,5.4,3.4,6.0,13.6,2.8
416,Ben Uzoh,BRK,2.0,42,437,.194,.113,1.0,.4,17.3,6.7,7.6
417,Ben Gordon,DET,1.5,82,2130,.083,-.002,-.1,-3.1,20.8,4.4,3.9
418,Baron Davis,"CLE, LAC",1.0,58,1649,.160,.072,2.5,-.8,22.1,4.5,11.4
419,Avery Bradley,BOS,2.0,30,162,-.188,-.269,-.9,-11.5,15.4,5.0,3.3
420,Austin Daye,DET,3.5,72,1446,.167,.037,1.1,-1.9,17.8,9.1,2.6
421,Arron Afflalo,DEN,2.0,69,2324,.238,.157,7.6,1.8,17.9,5.2,3.5
422,Armon Johnson,POR,1.0,38,277,.000,-.089,-.5,-5.8,19.0,6.2,7.8
423,Antonio McDyess,SAS,4.5,73,1386,.285,.105,3.0,.2,13.5,13.7,2.9
424,Antonio Daniels,PHI,1.0,4,26,.216,.128,.1,.9,11.2,9.3,3.7
425,Antoine Wright,SAC,3.0,7,31,-.208,-.289,-.2,-12.1,3.1,4.6,0
426,Anthony Tolliver,MIN,4.0,65,1362,.287,.108,3.1,.3,15.3,10.4,2.9
427,Anthony Randolph,"MIN, NYK",4.1,40,589,.173,-.006,-.1,-3.3,24.8,13.0,2.7
428,Anthony Parker,CLE,2.7,72,2091,.155,.074,3.2,-.8,13.8,5.0,5.0
429,Anthony Morrow,BRK,2.5,58,1856,.140,.059,2.3,-1.3,19.8,4.4,1.8
430,Anthony Carter,"DEN, NYK",1.0,33,463,.139,.051,.5,-1.5,11.4,5.3,7.3
431,Antawn Jamison,CLE,4.0,56,1842,.155,-.024,-.9,-3.8,26.3,9.8,2.4
432,Andy Rautins,NYK,1.0,5,24,-.255,-.343,-.2,-13.7,16.0,2.0,6.0
433,Andris Biedrins,GSW,5.0,59,1397,.319,.139,4.1,1.3,10.1,14.6,2.1
434,Andrew Bynum,LAL,5.0,54,1500,.478,.298,9.3,6.2,19.6,16.3,2.3
435,Andrew Bogut,MIL,5.0,65,2297,.339,.160,7.6,1.9,17.3,15.0,2.7
436,Andres Nocioni,PHI,3.5,54,930,.137,.007,.1,-2.9,16.9,8.7,2.3
437,Andrei Kirilenko,UTH,3.4,64,1998,.297,.181,7.5,2.5,18.0,7.9,4.6
438,Andrea Bargnani,TOR,5.0,66,2353,.070,-.109,-5.3,-6.5,28.8,7.0,2.4
439,Andre Miller,POR,1.0,81,2649,.265,.177,9.8,2.4,18.6,5.5,10.3
440,Andre Iguodala,PHI,2.5,67,2468,.298,.217,11.2,3.7,18.4,7.5,8.2
441,Andray Blatche,WAS,4.5,64,2171,.189,.009,.4,-2.8,23.8,11.6,3.2
442,Anderson Varejao,CLE,4.5,31,994,.376,.196,4.1,3.0,13.6,14.5,2.2
443,Amir Johnson,TOR,4.0,72,1852,.348,.169,6.5,2.2,17.8,11.9,2.1
444,Amare Stoudemire,NYK,4.9,78,2869,.226,.046,2.8,-1.6,33.0,10.6,3.4
445,Alonzo Gee,(3+),2.5,56,1117,.191,.110,2.6,.3,14.2,7.8,1.6
446,Alexis Ajinca,"DAL, TOR",5.0,34,340,.096,-.083,-.6,-5.7,20.2,11.0,1.4
447,Al-Farouq Aminu,LAC,3.0,81,1451,.146,.065,2.0,-1.1,15.1,8.8,2.0
448,Al Thornton,"GSW, WAS",3.2,71,1383,.128,.024,.7,-2.3,18.2,7.4,2.2
449,Al Jefferson,UTH,5.0,82,2926,.274,.095,5.8,-.1,25.1,13.0,2.4
450,Al Horford,ATL,4.6,77,2703,.390,.211,11.9,3.5,20.9,12.7,4.7
451,Al Harrington,DEN,4.5,73,1664,.116,-.064,-2.2,-5.1,22.1,9.6,2.9
452,Acie Law,"GSW, MEM",1.0,51,726,.102,.014,.2,-2.6,14.2,4.2,5.6
453,Aaron Gray,NOR,5.0,41,520,.310,.130,1.4,1.0,11.9,15.8,1.5
454,Aaron Brooks,"HOU, PHO",1.0,59,1284,.006,-.082,-2.2,-5.6,23.7,2.9,8.7
455,A.J. Price,IND,1.0,50,795,.050,-.038,-.6,-4.3,19.5,4.3,6.7
456,,,,,,,,,,,,
