,NAME,TM,POS,G,M,AJP48,WP48,WP,POP48,PTS,REB,AST
0,,,,,,,,,,,,
1,Zaza Pachulia,DAL,5.0,76,2004,.419,.207,8.6,3.4,15.6,17.2,3.1
2,Zach Randolph,MEM,4.4,68,2016,.267,.055,2.3,-1.4,24.8,12.6,3.4
3,Zach LaVine,MIN,1.7,82,2294,.113,.020,.9,-2.5,24.1,4.8,5.3
4,Xavier Munford,MEM,2.0,14,244,.122,.038,.2,-1.9,15.7,6.1,4.3
5,Wilson Chandler,DEN,3.0,0,0,0,0,0,0,0,0,0
6,Willie Reed,BRK,5.0,39,426,.381,.169,1.5,2.2,20.5,13.7,1.1
7,Willie Cauley-Stein,SAC,4.2,66,1412,.364,.152,4.5,1.7,15.7,12.0,1.3
8,Will Barton,DEN,3.0,82,2353,.212,.128,6.3,.9,24.0,9.7,4.1
9,Wesley Matthews,DAL,2.8,78,2644,.148,.064,3.5,-1.1,17.7,4.3,2.7
10,Wesley Johnson,LAC,3.0,80,1666,.195,.111,3.9,.4,15.8,7.1,1.4
11,Wayne Ellington,BRK,2.0,76,1615,.097,.013,.4,-2.7,17.4,5.2,2.5
12,Walter Tavares,ATL,5.0,11,73,.349,.137,.2,1.2,16.4,13.8,2.0
13,Vince Carter,MEM,2.7,60,1005,.184,.100,2.1,.0,18.9,7.0,2.7
14,Victor Oladipo,ORL,2.0,72,2379,.219,.134,6.7,1.1,23.3,7.0,5.7
15,Udonis Haslem,MIA,4.0,37,260,.235,.023,.1,-2.4,10.9,13.8,2.6
16,Tyus Jones,MIN,1.0,37,573,.151,.041,.5,-1.8,13.1,3.9,9.0
17,Tyson Chandler,PHO,5.0,66,1618,.436,.224,7.5,3.9,14.0,17.1,1.9
18,Tyreke Evans,NOR,2.0,25,765,.232,.148,2.4,1.5,23.8,8.1,10.3
19,Tyler Zeller,BOS,4.2,60,710,.221,.009,.1,-2.8,24.6,12.0,2.0
20,Tyler Johnson,MIA,2.0,36,863,.233,.149,2.7,1.5,17.5,6.1,4.4
21,Tyler Hansbrough,CHA,4.5,44,343,.292,.080,.6,-.6,14.6,12.5,1.1
22,Tyler Ennis,MIL,1.0,46,654,.129,.019,.3,-2.5,15.1,5.5,7.0
23,Ty Lawson,"HOU, IND",1.0,66,1411,.141,.031,.9,-2.1,12.7,4.1,8.1
24,Troy Daniels,CHA,1.0,43,476,.222,.111,1.1,.4,24.4,5.7,2.1
25,Tristan Thompson,CLE,5.0,82,2269,.469,.257,12.1,4.9,13.6,15.6,1.3
26,Trey Lyles,UTH,4.0,80,1382,.216,.004,.1,-3.0,16.9,10.4,2.0
27,Trey Burke,UTH,1.0,64,1366,.101,-.010,-.3,-3.4,23.9,3.9,5.2
28,Trevor Booker,UTH,4.0,79,1632,.366,.154,5.2,1.7,13.6,13.3,2.5
29,Trevor Ariza,HOU,3.5,81,2859,.230,.084,5.0,-.5,17.2,6.1,3.2
30,Tony Wroten,"PHI, NYK",1.0,8,144,-.293,-.403,-1.2,-15.6,22.3,7.0,6.7
31,Tony Snell,CHI,2.8,64,1301,.108,.024,.6,-2.3,12.5,7.3,2.3
32,Tony Parker,SAS,1.0,72,1980,.229,.118,4.9,.6,20.8,4.3,9.2
33,Tony Allen,MEM,1.0,64,1620,.240,.130,4.4,1.0,15.9,8.8,2.1
34,Toney Douglas,NOR,1.0,61,1262,.204,.094,2.5,-.2,20.2,5.4,6.0
35,Tobias Harris,"ORL, DET",3.1,76,2513,.283,.191,10.0,2.9,21.3,9.7,3.2
36,Timofey Mozgov,CLE,5.0,76,1326,.329,.117,3.2,.5,17.2,12.2,1.2
37,Tim Hardaway Jr.,ATL,2.0,51,864,.195,.111,2.0,.4,18.1,4.8,2.8
38,Tim Frazier,"POR, NOR",1.0,51,741,.205,.095,1.5,-.1,16.9,7.1,10.5
39,Tim Duncan,SAS,5.0,61,1536,.389,.177,5.7,2.4,16.3,14.0,5.1
40,Tibor Pleiss,UTH,5.0,12,82,-.029,-.241,-.4,-10.6,14.0,8.8,1.2
41,Tiago Splitter,ATL,5.0,36,579,.299,.087,1.1,-.4,16.7,9.9,2.5
42,Thomas Robinson,BRK,4.2,71,917,.310,.098,1.9,.0,16.1,18.8,2.4
43,Thanasis Antetokounmpo,NYK,3.0,2,6,.361,.277,.0,5.5,48.0,8.0,0
44,Thaddeus Young,BRK,4.0,73,2407,.278,.066,3.3,-1.0,22.0,13.2,2.7
45,Thabo Sefolosha,ATL,3.0,75,1758,.328,.244,9.0,4.5,13.1,9.1,2.9
46,Terry Rozier,BOS,1.0,39,311,.049,-.062,-.4,-5.0,11.1,9.7,5.7
47,Terrence Ross,TOR,2.0,73,1747,.182,.098,3.6,.0,19.8,5.1,1.5
48,Terrence Jones,HOU,4.0,50,1044,.198,-.014,-.3,-3.5,20.0,9.7,1.9
49,Tayshaun Prince,MIN,3.4,77,1462,.158,.018,.6,-2.5,7.3,4.8,2.4
50,Tarik Black,LAL,4.8,39,496,.316,.104,1.1,.1,12.9,15.2,1.5
51,Taj Gibson,CHI,4.0,73,1936,.372,.165,6.6,2.0,15.5,12.5,2.6
52,T.J. Warren,PHO,3.4,47,1070,.218,.087,1.9,-.4,23.1,6.6,2.0
53,T.J. McConnell,PHI,1.0,81,1606,.275,.165,5.5,2.0,14.7,7.5,11.0
54,Steven Adams,OKC,5.0,80,2014,.398,.186,7.8,2.7,15.2,12.7,1.5
55,Steve Novak,(3+),4.0,10,44,.200,-.012,.0,-3.4,26.2,5.5,0
56,Steve Blake,DET,1.0,58,986,.185,.074,1.5,-.8,12.4,4.3,9.7
57,Stephen Curry,GSW,1.0,79,2700,.492,.382,21.5,8.8,42.2,7.6,9.4
58,Stanley Johnson,DET,2.8,73,1687,.094,.010,.4,-2.8,16.9,8.7,3.4
59,Spencer Hawes,CHA,4.9,57,1035,.241,.029,.6,-2.2,15.8,11.3,5.1
60,Spencer Dinwiddie,DET,1.1,12,159,.021,-.088,-.3,-5.8,17.5,5.1,6.6
61,Sonny Weems,"PHO, PHI",2.0,43,499,.031,-.053,-.5,-4.7,10.3,5.1,4.7
62,Solomon Hill,IND,2.5,59,866,.299,.215,3.9,3.6,13.6,9.2,3.2
63,Shelvin Mack,"ATL, UTH",1.1,52,1058,.145,.037,.8,-1.9,20.3,5.8,8.5
64,Shayne Whittington,IND,5.0,7,41,.153,-.059,-.1,-4.9,12.9,14.0,3.5
65,Shaun Livingston,GSW,1.2,78,1520,.268,.162,5.1,2.0,15.4,5.3,7.5
66,Shane Larkin,BRK,1.0,78,1751,.195,.085,3.1,-.4,15.5,4.9,9.4
67,Shabazz Napier,ORL,1.0,55,600,.082,-.028,-.4,-4.0,16.2,4.4,7.8
68,Shabazz Muhammad,MIN,2.0,82,1682,.164,.080,2.8,-.6,24.6,7.6,1.5
69,Seth Curry,SAC,2.0,44,692,.203,.119,1.7,.6,20.7,4.2,4.6
70,Sergey Karasev,BRK,2.0,40,399,.171,.087,.7,-.4,11.7,7.0,4.2
71,Serge Ibaka,OKC,4.0,78,2500,.237,.025,1.3,-2.3,18.9,10.2,1.3
72,Sean Kilpatrick,"DEN, BRK",2.5,31,616,.122,.038,.5,-1.9,26.9,4.4,2.3
73,Sasha Vujacic,NYK,2.0,61,908,.188,.104,2.0,.2,15.6,7.9,4.4
74,Sasha Kaun,CLE,5.0,0,0,0,0,0,0,0,0,0
75,Sam Dekker,HOU,4.0,3,6,.495,.283,.0,5.7,0,8.0,0
76,Salah Mejri,DAL,5.0,34,397,.439,.227,1.9,4.0,15.1,14.9,1.2
77,Ryan Kelly,LAL,3.6,36,470,.166,-.001,.0,-3.1,15.5,12.4,2.0
78,Ryan Hollins,"WAS, MEM",5.0,37,460,.312,.100,1.0,.0,12.9,10.2,1.0
79,Ryan Anderson,NOR,4.0,66,2008,.215,.003,.1,-3.0,26.9,9.5,1.7
80,Russell Westbrook,OKC,1.0,80,2750,.414,.303,17.4,6.4,32.8,10.9,14.6
81,Russ Smith,MEM,1.0,15,66,.077,-.033,.0,-4.1,16.7,6.5,8.0
82,Rudy Gobert,UTH,5.0,61,1932,.482,.270,10.9,5.3,13.8,16.6,2.3
83,Rudy Gay,SAC,3.0,70,2379,.186,.102,5.0,.1,24.3,9.2,2.4
84,Roy Hibbert,LAL,5.0,81,1878,.233,.021,.8,-2.4,12.3,10.2,2.4
85,Roy Devyn Marble,ORL,2.5,0,0,0,0,0,0,0,0,0
86,Ronnie Price,PHO,1.0,62,1211,.165,.055,1.4,-1.4,13.1,3.9,5.8
87,Rondae Hollis-Jefferson,BRK,2.0,29,615,.333,.249,3.2,4.7,13.0,12.0,3.4
88,Rodney Stuckey,IND,1.3,58,1275,.158,.056,1.5,-1.3,19.5,5.9,5.3
89,Rodney Hood,UTH,2.0,79,2541,.175,.091,4.8,-.3,21.7,5.0,4.0
90,Robin Lopez,NYK,5.0,82,2219,.377,.165,7.6,2.0,18.2,13.0,2.5
91,Robert Sacre,LAL,5.0,25,320,.202,-.010,-.1,-3.4,13.1,10.8,2.1
92,Robert Covington,PHI,3.3,67,1903,.184,.056,2.2,-1.3,21.6,10.6,2.4
93,Ricky Rubio,MIN,1.0,76,2323,.327,.217,10.5,3.7,15.8,6.7,13.6
94,Richaun Holmes,PHI,4.6,51,702,.271,.059,.9,-1.2,19.6,9.2,2.3
95,Richard Jefferson,CLE,3.0,74,1326,.190,.106,2.9,.2,14.8,4.6,2.1
96,Reggie Jackson,DET,1.0,79,2424,.196,.085,4.3,-.4,29.5,5.0,9.7
97,Reggie Bullock,DET,2.0,37,429,.301,.217,1.9,3.7,13.7,7.6,3.0
98,Raymond Felton,DAL,1.9,80,2192,.168,.082,3.7,-.5,16.7,5.6,6.2
99,Ray McCallum,"SAS, MEM",1.5,41,475,.114,.016,.2,-2.6,13.8,4.7,6.1
100,Raul Neto,UTH,1.0,81,1499,.151,.040,1.3,-1.8,15.2,3.8,5.6
101,Rasual Butler,SAS,2.2,46,432,.314,.230,2.1,4.1,13.8,6.2,2.7
102,Rashad Vaughn,MIL,3.2,70,1001,.014,-.095,-2.0,-6.0,10.4,4.2,1.9
103,Randy Foye,"DEN, OKC",2.0,81,1642,.072,-.012,-.4,-3.5,13.9,4.6,4.7
104,Ramon Sessions,WAS,1.0,82,1667,.216,.105,3.6,.2,23.3,5.8,6.9
105,Rakeem Christmas,IND,4.0,1,6,.710,.498,.1,12.4,32.0,8.0,0
106,Rajon Rondo,SAC,1.3,72,2537,.327,.225,11.9,3.9,16.3,8.2,15.9
107,R.J. Hunter,BOS,2.0,36,315,.118,.034,.2,-2.0,14.8,5.6,2.0
108,Quincy Pondexter,NOR,2.5,0,0,0,0,0,0,0,0,0
109,Quincy Acy,SAC,4.0,59,876,.334,.122,2.2,.7,16.8,10.3,1.5
110,Phil Pressey,"PHI, PHO",1.0,23,283,.126,.015,.1,-2.6,13.1,5.3,12.7
111,Paul Pierce,LAC,4.0,68,1231,.094,-.118,-3.0,-6.7,16.3,7.3,2.8
112,Paul Millsap,ATL,4.0,81,2647,.394,.182,10.0,2.6,25.1,13.3,4.8
113,Paul George,IND,3.6,81,2819,.256,.099,5.8,.0,31.9,9.6,5.6
114,Pau Gasol,CHI,5.0,72,2291,.391,.179,8.5,2.5,24.9,16.6,6.2
115,Patrick Patterson,TOR,4.0,79,2020,.245,.033,1.4,-2.1,12.9,8.1,2.2
116,Patrick Mills,SAS,1.0,81,1662,.224,.113,3.9,.4,19.9,4.6,6.5
117,Patrick Beverley,HOU,1.0,71,2041,.225,.114,4.9,.5,16.5,5.9,5.6
118,Pat Connaughton,POR,3.0,34,143,.034,-.050,-.1,-4.6,12.1,10.7,3.4
119,Pablo Prigioni,LAC,1.0,59,823,.266,.156,2.7,1.8,8.5,6.6,7.6
120,P.J. Tucker,PHO,3.0,82,2540,.271,.187,9.9,2.7,12.3,9.7,3.3
121,P.J. Hairston,"CHA, MEM",2.7,66,1313,.066,-.018,-.5,-3.6,15.0,6.4,1.4
122,Otto Porter,WAS,3.3,75,2276,.288,.172,8.2,2.3,18.4,8.2,2.5
123,Orlando Johnson,"PHO, NOR",3.0,7,101,-.048,-.132,-.3,-7.2,12.4,7.1,1.0
124,Omri Casspi,SAC,4.0,69,1880,.246,.036,1.4,-2.0,20.8,10.5,2.4
125,Omer Asik,NOR,5.0,68,1178,.347,.135,3.3,1.1,11.0,16.9,1.1
126,O.J. Mayo,MIL,2.0,41,1090,.053,-.031,-.7,-4.1,14.1,4.6,5.2
127,Norris Cole,NOR,2.0,45,1198,.061,-.023,-.6,-3.8,19.1,6.1,6.7
128,Norman Powell,TOR,2.0,49,725,.221,.137,2.1,1.2,18.1,7.3,3.1
129,Noah Vonleh,POR,4.0,78,1174,.209,-.003,-.1,-3.2,11.6,12.5,1.2
130,Nikola Vucevic,ORL,5.0,65,2037,.296,.084,3.6,-.5,27.8,13.6,4.2
131,Nikola Pekovic,MIN,5.0,12,156,-.029,-.241,-.8,-10.6,16.6,6.5,3.4
132,Nikola Mirotic,CHI,4.0,66,1646,.260,.048,1.6,-1.6,22.7,10.6,2.9
133,Nikola Jokic,DEN,5.0,80,1733,.454,.242,8.7,4.5,22.0,15.5,5.2
134,Nik Stauskas,PHI,2.0,73,1809,.108,.024,.9,-2.3,16.4,4.9,3.7
135,Nicolas Batum,CHA,3.0,70,2448,.259,.175,8.9,2.4,20.5,8.4,7.9
136,Nick Young,LAL,2.7,54,1033,.064,-.020,-.4,-3.7,18.2,4.5,1.6
137,Nick Collison,OKC,5.0,59,699,.232,.020,.3,-2.5,8.4,11.7,3.6
138,Nerlens Noel,PHI,5.0,67,1965,.331,.119,4.9,.6,18.2,13.2,3.0
139,Nene Hilario,WAS,5.0,57,1094,.276,.064,1.5,-1.1,23.0,11.4,4.3
140,Nemanja Bjelica,MIN,4.0,60,1075,.241,.029,.6,-2.2,13.8,9.4,3.7
141,Nazr Mohammed,OKC,5.0,5,19,.019,-.193,-.1,-9.1,20.2,10.1,0
142,Nate Robinson,NOR,2.0,2,23,.069,-.015,.0,-3.5,0,0,8.3
143,Myles Turner,IND,4.4,60,1367,.242,.030,.8,-2.2,21.7,11.7,1.4
144,Montrezl Harrell,HOU,4.0,39,379,.289,.077,.6,-.7,17.7,8.2,2.2
145,Monta Ellis,IND,2.0,81,2734,.184,.100,5.7,.0,19.7,4.8,6.7
146,Mo Williams,CLE,1.5,41,748,.105,.008,.1,-2.8,21.7,4.6,6.3
147,Mitch McGary,OKC,5.0,20,72,.063,-.149,-.2,-7.7,17.3,12.0,2.0
148,Mirza Teletovic,PHO,4.0,79,1686,.206,-.006,-.2,-3.3,27.5,8.6,2.5
149,Miles Plumlee,MIL,5.0,61,870,.394,.182,3.3,2.6,17.3,12.8,.9
150,Mike Scott,ATL,4.0,75,1146,.268,.057,1.4,-1.3,19.4,8.6,3.3
151,Mike Muscala,ATL,4.7,60,565,.295,.083,1.0,-.5,16.6,9.9,2.9
152,Mike Miller,DEN,2.3,47,373,.169,.085,.7,-.4,8.1,6.8,5.1
153,Mike Dunleavy,CHI,3.0,31,703,.146,.062,.9,-1.2,15.2,5.7,2.7
154,Mike Conley,MEM,1.0,56,1761,.272,.162,5.9,2.0,23.4,4.5,9.3
155,Michael Kidd-Gilchrist,CHA,3.0,7,205,.347,.263,1.1,5.1,20.8,10.5,2.1
156,Michael Carter-Williams,MIL,1.0,54,1649,.175,.065,2.2,-1.1,18.1,8.0,8.2
157,Michael Beasley,HOU,4.0,20,363,.269,.057,.4,-1.3,33.7,13.0,2.1
158,Meyers Leonard,POR,4.1,61,1333,.193,-.019,-.5,-3.7,18.4,11.3,3.3
159,Metta World Peace,LAL,3.0,35,590,.092,.008,.1,-2.8,14.3,7.2,2.2
160,Maurice Harkless,POR,4.0,78,1457,.271,.059,1.8,-1.2,16.4,9.2,2.2
161,Matthew Dellavedova,CLE,1.0,76,1867,.192,.082,3.2,-.5,14.6,4.2,8.7
162,Matt Bonner,SAS,5.0,30,206,.308,.096,.4,-.1,17.7,6.3,2.1
163,Matt Barnes,MEM,3.0,76,2190,.193,.109,5.0,.3,16.6,9.2,3.6
164,Mason Plumlee,POR,5.0,82,2084,.390,.178,7.7,2.4,17.3,14.5,5.2
165,Marvin Williams,CHA,3.8,81,2338,.360,.167,8.1,2.1,19.5,10.7,2.3
166,Martell Webster,WAS,2.5,0,0,0,0,0,0,0,0,0
167,Marreese Speights,GSW,5.0,72,832,.145,-.067,-1.2,-5.2,29.5,13.8,3.5
168,Markieff Morris,"PHO, WAS",4.0,64,1629,.107,-.105,-3.5,-6.3,22.5,10.4,3.7
169,Markel Brown,BRK,2.0,62,982,.110,.026,.5,-2.3,17.7,6.0,4.4
170,Mario Hezonja,ORL,3.0,79,1413,.129,.045,1.3,-1.7,16.2,6.0,3.7
171,Mario Chalmers,"MIA, MEM",1.9,61,1373,.235,.149,4.3,1.5,22.0,5.5,8.0
172,Marcus Thornton,(3+),2.8,61,1109,.122,.038,.9,-1.9,25.5,6.5,3.7
173,Marcus Smart,BOS,1.4,61,1667,.194,.094,3.3,-.2,16.1,7.3,5.3
174,Marcus Morris,DET,3.9,80,2856,.203,.006,.4,-2.9,19.0,6.8,3.4
175,Marco Belinelli,SAC,2.4,68,1672,.029,-.055,-1.9,-4.8,20.0,3.4,3.6
176,Marcin Gortat,WAS,5.0,75,2256,.415,.203,9.6,3.2,21.5,15.8,2.3
177,Marcelo Huertas,LAL,1.0,53,869,.138,.028,.5,-2.2,13.1,5.0,10.1
178,Marc Gasol,MEM,5.0,52,1791,.246,.034,1.3,-2.0,23.1,9.7,5.3
179,Manu Ginobili,SAS,2.0,58,1134,.267,.183,4.3,2.6,23.5,6.2,7.5
180,Luol Deng,MIA,4.0,74,2394,.282,.070,3.5,-.9,18.3,8.9,2.8
181,Luke Babbitt,NOR,4.0,47,845,.159,-.053,-.9,-4.7,18.6,8.4,3.0
182,Luis Scola,TOR,4.0,76,1636,.216,.004,.1,-2.9,19.5,10.6,1.9
183,Luis Montero,POR,3.0,12,42,-.332,-.416,-.4,-16.0,16.0,4.6,1.1
184,Lucas Nogueira,TOR,5.0,29,225,.385,.173,.8,2.3,13.9,9.8,1.5
185,Luc Richard Mbah a Moute,LAC,3.6,75,1274,.207,.041,1.1,-1.8,8.7,6.4,1.1
186,Louis Amundson,NYK,4.0,29,204,.078,-.134,-.6,-7.2,12.2,11.5,2.8
187,Lou Williams,LAL,1.6,67,1907,.217,.121,4.8,.7,25.9,4.3,4.2
188,Lorenzo Brown,"PHO, DET",1.0,8,61,-.120,-.230,-.3,-10.2,15.7,5.5,8.7
189,Leandro Barbosa,GSW,2.0,68,1079,.143,.059,1.3,-1.2,19.3,5.2,3.6
190,LeBron James,CLE,3.4,76,2709,.408,.273,15.4,5.4,34.0,10.0,9.1
191,Lavoy Allen,IND,4.0,79,1599,.331,.119,4.0,.6,12.8,12.7,2.3
192,Larry Nance Jr.,LAL,4.0,63,1266,.323,.111,2.9,.4,13.2,11.8,1.7
193,Langston Galloway,NYK,1.0,82,2033,.203,.092,3.9,-.2,14.8,6.8,4.9
194,Lance Thomas,NYK,2.0,59,1313,.133,.049,1.4,-1.5,17.7,4.8,1.9
195,Lance Stephenson,"LAC, MEM",3.0,69,1372,.188,.104,3.0,.2,20.0,7.8,4.7
196,Lamar Patterson,ATL,2.0,35,395,.093,.009,.1,-2.8,10.2,6.1,4.7
197,LaMarcus Aldridge,SAS,4.1,74,2261,.358,.146,6.9,1.5,28.3,13.4,2.3
198,Kyrie Irving,CLE,1.0,53,1667,.185,.074,2.6,-.8,30.0,4.5,7.2
199,Kyle Singler,OKC,3.0,68,977,.130,.046,.9,-1.6,11.3,6.9,1.2
200,Kyle O'Quinn,NYK,5.0,65,764,.333,.121,1.9,.7,19.4,15.7,4.5
201,Kyle Lowry,TOR,1.0,77,2851,.319,.208,12.4,3.4,27.5,6.1,8.3
202,Kyle Korver,ATL,2.1,80,2401,.200,.116,5.8,.5,14.8,5.2,3.3
203,Kyle Anderson,SAS,3.5,78,1245,.303,.159,4.1,1.9,13.5,9.4,4.7
204,Kristaps Porzingis,NYK,4.5,72,2047,.251,.039,1.7,-1.9,24.1,12.3,2.2
205,Kris Humphries,(3+),4.6,53,835,.235,.023,.4,-2.4,19.7,12.5,2.1
206,Kostas Papanikolaou,DEN,4.0,26,294,.105,-.107,-.7,-6.4,10.9,6.5,2.6
207,Kosta Koufos,SAC,5.0,78,1482,.326,.114,3.5,.5,17.1,13.7,1.1
208,Kobe Bryant,LAL,3.0,66,1863,.004,-.080,-3.1,-5.6,29.9,6.4,4.7
209,Klay Thompson,GSW,2.2,80,2666,.187,.103,5.7,.1,31.9,5.5,3.0
210,Kirk Hinrich,"CHI, ATL",1.1,46,631,.145,.038,.5,-1.9,10.4,5.3,5.6
211,Khris Middleton,MIL,3.0,79,2852,.194,.110,6.5,.3,24.1,5.1,5.6
212,Kevon Looney,GSW,5.0,5,21,.541,.329,.1,7.1,20.6,22.9,0
213,Kevin Seraphin,NYK,4.0,48,526,.107,-.105,-1.2,-6.4,17.1,11.5,4.3
214,Kevin Martin,"MIN, SAS",2.2,55,1095,.059,-.025,-.6,-3.8,22.5,4.8,2.5
215,Kevin Love,CLE,4.0,77,2424,.358,.146,7.3,1.4,24.4,15.1,3.7
216,Kevin Garnett,MIN,5.0,38,556,.313,.101,1.2,.1,10.5,12.9,5.4
217,Kevin Durant,OKC,3.3,72,2578,.410,.283,15.2,5.7,37.8,11.0,6.7
218,Kentavious Caldwell-Pope,DET,2.0,76,2789,.178,.094,5.5,-.2,19.0,4.9,2.4
219,Kent Bazemore,ATL,3.0,75,2083,.222,.138,6.0,1.2,20.1,8.7,3.9
220,Kenneth Faried,DEN,4.0,67,1694,.427,.215,7.6,3.6,23.7,16.5,2.2
221,Kendrick Perkins,NOR,5.0,37,542,.190,-.022,-.3,-3.8,8.1,11.3,2.7
222,Kendall Marshall,PHI,1.0,30,400,.017,-.093,-.8,-6.0,13.3,3.4,8.8
223,Kemba Walker,CHA,1.0,81,2885,.282,.172,10.3,2.3,28.1,5.9,7.0
224,Kelly Oubre Jr.,WAS,3.0,63,671,.106,.022,.3,-2.4,16.9,9.5,.9
225,Kelly Olynyk,BOS,5.0,69,1395,.276,.064,1.9,-1.1,23.6,9.7,3.6
226,Keith Appling,ORL,1.0,5,27,-.334,-.444,-.2,-16.9,10.7,1.8,1.8
227,Kawhi Leonard,SAS,3.0,72,2380,.444,.360,17.8,8.1,30.7,9.9,3.8
228,Karl-Anthony Towns,MIN,5.0,82,2627,.375,.162,8.9,2.0,27.5,15.7,2.9
229,K.J. McDaniels,HOU,2.0,37,235,.132,.048,.2,-1.6,18.2,8.6,2.0
230,Jusuf Nurkic,DEN,5.0,32,547,.192,-.020,-.2,-3.7,23.1,15.4,3.5
231,Justise Winslow,MIA,3.0,78,2232,.193,.109,5.1,.3,10.8,8.7,2.5
232,Justin Holiday,"ATL, CHI",2.3,53,773,.140,.056,.9,-1.4,14.8,5.6,3.5
233,Justin Harper,DET,3.0,5,35,.066,-.018,.0,-3.6,17.8,1.4,0
234,Justin Anderson,DAL,3.0,55,647,.253,.169,2.3,2.2,15.4,9.8,2.2
235,Julius Randle,LAL,4.0,81,2286,.235,.023,1.1,-2.4,19.3,17.4,3.0
236,Jrue Holiday,NOR,1.1,65,1831,.184,.077,2.9,-.7,28.5,5.1,10.3
237,Josh Smith,"LAC, HOU",4.0,55,880,.093,-.119,-2.2,-6.8,18.1,10.5,4.9
238,Josh Richardson,MIA,1.2,52,1107,.204,.099,2.3,.0,14.8,4.6,3.2
239,Josh McRoberts,MIA,3.9,42,595,.176,-.029,-.4,-4.0,12.1,8.5,6.5
240,Josh Huestis,OKC,3.0,5,55,.172,.088,.1,-.3,12.2,8.7,0
241,Joseph Young,IND,1.0,41,384,.024,-.086,-.7,-5.8,19.3,6.3,8.1
242,Jose Calderon,NYK,1.0,72,2024,.268,.158,6.7,1.8,12.9,5.4,7.1
243,Jorge Gutierrez,CHA,1.0,12,63,.400,.289,.4,5.9,16.8,5.3,13.0
244,Jordan Mickey,BOS,4.0,16,57,.246,.034,.0,-2.0,17.7,10.9,.8
245,Jordan McRae,"PHO, CLE",2.0,22,195,.127,.043,.2,-1.7,24.4,4.9,6.2
246,Jordan Hill,IND,5.0,73,1513,.322,.110,3.5,.3,20.5,14.3,2.8
247,Jordan Hamilton,NOR,3.0,11,304,.162,.078,.5,-.7,19.7,9.8,3.9
248,Jordan Farmar,MEM,1.2,12,291,.177,.072,.4,-.8,18.1,4.1,6.1
249,Jordan Clarkson,LAL,2.0,79,2552,.137,.053,2.8,-1.4,23.0,5.9,3.6
250,Jordan Adams,MEM,2.0,2,15,.151,.067,.0,-1.0,22.4,6.4,9.6
251,Jonathon Simmons,SAS,3.0,55,813,.163,.079,1.3,-.6,19.5,5.7,3.4
252,Jonas Valanciunas,TOR,5.0,60,1557,.471,.259,8.4,5.0,23.7,16.9,1.3
253,Jonas Jerebko,BOS,3.0,78,1176,.267,.183,4.5,2.6,13.9,11.8,2.5
254,Jon Leuer,PHO,5.0,67,1255,.314,.102,2.7,.1,21.7,14.3,2.8
255,Johnny O'Bryant III,MIL,4.0,0,0,0,0,0,0,0,0,0
256,Johnny O'Bryant,MIL,4.4,66,857,.135,-.077,-1.4,-5.5,11.2,9.9,1.8
257,John Wall,WAS,1.2,77,2784,.248,.142,8.2,1.3,26.4,6.5,13.6
258,John Jenkins,"DAL, PHO",2.6,43,480,.122,.038,.4,-1.9,17.8,5.7,3.5
259,John Holland,BOS,2.0,0,0,0,0,0,0,0,0,0
260,John Henson,MIL,4.5,57,960,.333,.121,2.4,.7,19.9,11.1,2.7
261,Joffrey Lauvergne,DEN,5.0,59,1041,.281,.069,1.5,-.9,21.4,13.4,2.6
262,Joel Embiid,PHI,5.0,0,0,0,0,0,0,0,0,0
263,Joel Anthony,"DET, PHI",4.8,19,96,.428,.216,.4,3.6,9.0,10.5,.5
264,Joe Young,IND,2.0,0,0,0,0,0,0,0,0,0
265,Joe Johnson,"BRK, MIA",3.2,81,2703,.153,.048,2.7,-1.6,17.6,5.2,5.6
266,Joe Ingles,UTH,2.3,81,1241,.232,.148,3.8,1.5,13.2,5.8,3.7
267,Joe Harris,CLE,2.0,5,15,.066,-.018,.0,-3.6,9.6,9.6,6.4
268,Jodie Meeks,DET,2.0,3,43,.120,.036,.0,-2.0,24.6,5.6,3.3
269,Joakim Noah,CHI,4.4,29,635,.423,.211,2.8,3.5,9.4,19.3,8.3
270,Jimmy Butler,CHI,2.0,67,2474,.313,.229,11.8,4.1,27.1,6.9,6.2
271,Jimmer Fredette,"NOR, NYK",2.0,6,18,.052,-.032,.0,-4.1,24.0,0,2.7
272,Jerryd Bayless,MIL,2.2,52,1505,.185,.101,3.2,.1,17.3,4.5,5.2
273,Jerian Grant,NYK,2.0,76,1265,.135,.051,1.3,-1.5,16.2,5.4,6.7
274,Jeremy Lin,CHA,1.9,78,2048,.159,.074,3.1,-.8,21.4,5.9,5.5
275,Jeremy Lamb,CHA,2.0,66,1227,.233,.149,3.8,1.5,22.7,9.9,3.0
276,Jeremy Evans,DAL,3.0,30,251,.331,.247,1.3,4.6,13.6,10.3,.4
277,Jerami Grant,PHI,4.0,77,2066,.188,-.024,-1.0,-3.8,17.4,8.4,3.1
278,Jeff Withey,UTH,5.0,51,658,.417,.205,2.8,3.3,15.8,12.6,1.5
279,Jeff Teague,ATL,1.0,79,2255,.211,.100,4.7,.0,26.4,4.6,10.0
280,Jeff Green,"MEM, LAC",4.0,80,2253,.165,-.047,-2.2,-4.5,20.0,7.1,2.9
281,Jeff Ayres,LAC,5.0,17,107,.167,-.045,-.1,-4.5,13.5,9.9,2.2
282,Jason Thompson,"GSW, TOR",5.0,47,471,.335,.123,1.2,.7,15.0,13.7,3.0
283,Jason Terry,HOU,1.4,72,1258,.134,.035,.9,-2.0,16.1,3.0,3.9
284,Jason Smith,ORL,5.0,76,1181,.154,-.058,-1.4,-4.9,22.2,8.9,2.5
285,Jarrett Jack,BRK,1.1,32,1027,.158,.052,1.1,-1.5,19.2,6.4,11.0
286,Jarnell Stokes,(3+),4.2,7,18,.451,.239,.1,4.4,18.7,10.7,2.7
287,Jarell Martin,MEM,5.0,27,380,.228,.016,.1,-2.6,19.3,10.9,1.9
288,Jarell Eddie,WAS,2.0,26,147,.119,.035,.1,-2.0,20.6,7.5,1.6
289,Jared Sullinger,BOS,5.0,81,1915,.331,.119,4.7,.6,20.9,16.9,4.7
290,Jared Dudley,WAS,4.0,81,2098,.262,.050,2.2,-1.5,14.6,6.5,3.9
291,Jared Cunningham,"CLE, MIL",1.8,44,410,.044,-.044,-.4,-4.4,14.0,4.4,2.3
292,James Young,BOS,2.0,29,199,.121,.037,.2,-1.9,7.0,6.3,2.2
293,James Michael McAdoo,GSW,4.0,41,262,.273,.061,.3,-1.2,21.4,10.6,3.1
294,James Jones,CLE,3.0,48,463,.194,.110,1.1,.3,18.5,5.2,1.5
295,James Johnson,TOR,3.0,57,926,.195,.111,2.1,.4,14.9,6.5,3.5
296,James Harden,HOU,2.0,82,3125,.304,.220,14.3,3.8,36.5,7.7,9.4
297,James Ennis,(3+),3.0,22,329,.300,.217,1.5,3.7,23.2,6.1,3.1
298,James Anderson,SAC,3.0,51,721,.070,-.014,-.2,-3.5,11.9,5.7,2.7
299,Jameer Nelson,DEN,1.0,39,1036,.118,.007,.2,-2.9,13.9,5.3,8.8
300,Jamal Crawford,LAC,2.5,79,2126,.094,.010,.5,-2.8,25.3,3.3,4.1
301,Jahlil Okafor,PHI,5.0,53,1591,.171,-.041,-1.4,-4.4,28.0,11.3,2.0
302,Jae Crowder,BOS,3.7,73,2308,.292,.121,5.8,.7,21.6,7.8,2.8
303,Jabari Parker,MIL,4.0,76,2408,.186,-.026,-1.3,-3.9,21.3,7.9,2.6
304,JaVale McGee,DAL,5.0,34,370,.418,.206,1.6,3.3,22.3,17.3,.4
305,JaMychal Green,MEM,3.8,78,1446,.254,.063,1.9,-1.1,19.2,12.4,2.2
306,JaKarr Sampson,"PHI, DEN",2.9,73,1160,.094,.010,.2,-2.8,15.5,7.9,1.9
307,J.R. Smith,CLE,2.2,77,2362,.182,.098,4.8,.0,19.4,4.4,2.6
308,J.J. Redick,LAC,2.0,75,2097,.221,.137,6.0,1.2,28.1,3.2,2.4
309,J.J. O'Brien,UTH,3.0,2,6,.113,.029,.0,-2.2,0,8.0,0
310,J.J. Hickson,"DEN, WAS",4.8,35,436,.295,.083,.8,-.5,22.7,14.5,2.5
311,J.J. Barea,DAL,1.0,74,1667,.161,.051,1.8,-1.5,23.3,4.4,8.7
312,Ishmael Smith,"NOR, PHI",1.0,77,2239,.152,.041,1.9,-1.8,20.8,6.5,10.8
313,Isaiah Thomas,BOS,1.0,82,2644,.250,.139,7.7,1.3,33.1,4.4,9.2
314,Isaiah Canaan,PHI,2.0,77,1966,.100,.015,.6,-2.6,20.7,4.2,3.3
315,Iman Shumpert,CLE,2.0,54,1316,.193,.109,3.0,.3,11.3,7.4,3.4
316,Ian Mahinmi,IND,5.0,71,1816,.397,.185,7.0,2.7,17.4,13.4,2.7
317,Ian Clark,GSW,2.0,66,578,.126,.042,.5,-1.8,19.6,5.6,5.3
318,Hollis Thompson,PHI,3.0,77,2154,.113,.029,1.3,-2.2,16.9,6.1,2.2
319,Henry Sims,BRK,5.0,14,263,.253,.041,.2,-1.8,16.6,13.1,1.6
320,Hassan Whiteside,MIA,5.0,73,2125,.571,.359,15.9,8.1,23.5,19.5,.7
321,Harrison Barnes,GSW,3.7,66,2042,.216,.042,1.8,-1.8,18.2,7.6,2.8
322,Greivis Vasquez,MIL,2.0,23,460,.023,-.061,-.6,-5.0,13.6,4.9,9.5
323,Greg Smith,MIN,5.0,18,192,.200,-.012,.0,-3.5,10.8,10.5,1.5
324,Greg Monroe,MIL,5.0,79,2314,.378,.166,8.0,2.1,25.1,14.4,3.7
325,Gorgui Dieng,MIN,4.2,82,2220,.363,.151,7.0,1.6,17.9,12.6,3.1
326,Gordon Hayward,UTH,3.1,80,2893,.231,.133,8.0,1.1,26.2,6.6,4.9
327,Goran Dragic,MIA,1.0,72,2363,.198,.087,4.3,-.4,20.7,5.6,8.5
328,Glenn Robinson III,IND,3.0,45,508,.204,.121,1.3,.7,16.2,6.4,2.5
329,Giannis Antetokounmpo,MIL,1.4,80,2823,.288,.188,11.1,2.8,23.0,10.4,5.9
330,Gerald Henderson,POR,3.0,72,1431,.160,.076,2.3,-.7,20.9,7.1,2.5
331,Gerald Green,MIA,2.6,69,1557,.075,-.009,-.3,-3.4,19.0,5.0,1.7
332,George Hill,IND,1.0,74,2524,.255,.144,7.6,1.4,17.0,5.7,4.9
333,Gary Neal,WAS,2.0,40,807,.152,.068,1.1,-1.0,23.2,4.9,2.8
334,Gary Harris,DEN,1.9,76,2439,.197,.111,5.7,.4,18.3,4.3,2.9
335,Garrett Temple,WAS,2.8,80,1951,.159,.075,3.0,-.8,14.3,5.2,3.4
336,Frank Kaminsky,CHA,4.0,81,1708,.227,.015,.6,-2.6,17.0,9.4,2.8
337,Festus Ezeli,GSW,5.0,46,770,.400,.188,3.0,2.8,19.9,16.0,2.0
338,Evan Turner,BOS,2.9,81,2271,.249,.165,7.8,2.1,18.1,8.4,7.6
339,Evan Fournier,ORL,2.4,79,2566,.188,.104,5.5,.1,22.7,4.2,4.0
340,Ersan Ilyasova,"DET, ORL",4.0,74,1881,.260,.048,1.9,-1.6,19.6,10.3,1.7
341,Erick Green,"DEN, UTH",1.4,9,42,.217,.118,.1,.6,14.9,6.9,3.4
342,Eric Moreland,SAC,4.0,8,48,.232,.020,.0,-2.5,8.0,11.0,1.0
343,Eric Gordon,NOR,3.0,45,1481,.141,.057,1.8,-1.3,22.2,3.2,3.9
344,Eric Bledsoe,PHO,1.4,31,1059,.239,.138,3.1,1.2,28.6,5.7,8.6
345,Enes Kanter,OKC,4.7,82,1721,.480,.268,9.6,5.3,29.0,18.5,.9
346,Emmanuel Mudiay,DEN,1.0,68,2068,.001,-.110,-4.7,-6.5,20.2,5.4,8.6
347,Elton Brand,PHI,4.0,17,225,.201,-.011,-.1,-3.4,14.9,13.4,3.8
348,Elliot Williams,MEM,2.0,5,45,.020,-.064,-.1,-5.1,8.5,4.3,4.3
349,Elijah Millsap,UTH,3.0,20,173,.110,.026,.1,-2.3,10.0,9.7,5.3
350,Elfrid Payton,ORL,1.0,73,2145,.196,.085,3.8,-.4,17.4,5.8,10.5
351,Ed Davis,POR,5.0,81,1684,.521,.309,10.8,6.5,15.0,17.1,2.5
352,E'Twaun Moore,CHI,1.8,59,1263,.174,.085,2.2,-.4,16.8,5.1,3.8
353,Dwyane Wade,MIA,2.0,74,2258,.168,.084,4.0,-.5,30.0,6.4,7.3
354,Dwight Powell,DAL,4.0,69,992,.344,.132,2.7,1.0,19.3,13.2,2.1
355,Dwight Howard,HOU,5.0,71,2280,.437,.225,10.7,3.9,20.5,17.6,2.1
356,Duje Dukan,SAC,3.0,1,24,-.043,-.127,-.1,-7.0,12.0,8.0,2.0
357,Drew Gooden,WAS,4.5,30,305,.122,-.090,-.6,-5.9,12.9,13.4,2.0
358,Draymond Green,GSW,4.2,81,2808,.430,.217,12.7,3.7,19.3,13.1,10.2
359,Doug McDermott,CHI,3.0,81,1861,.135,.051,2.0,-1.5,19.7,5.0,1.5
360,Dorell Wright,MIA,2.5,0,0,0,0,0,0,0,0,0
361,Donatas Motiejunas,"HOU, DET",4.4,37,547,.110,-.102,-1.2,-6.3,20.2,9.6,3.6
362,Donald Sloan,BRK,1.0,61,1318,.235,.124,3.4,.8,15.4,6.3,9.8
363,Dirk Nowitzki,DAL,4.3,75,2364,.244,.032,1.6,-2.1,27.9,9.9,2.7
364,Dion Waiters,OKC,2.0,78,2152,.093,.009,.4,-2.8,17.0,4.5,3.4
365,Dewayne Dedmon,ORL,5.0,58,705,.409,.197,2.9,3.1,17.4,15.5,.9
366,Devyn Marble,ORL,2.0,28,249,.043,-.041,-.2,-4.4,11.6,7.3,2.3
367,Devin Harris,DAL,2.0,64,1280,.200,.116,3.1,.5,18.3,5.2,4.4
368,Devin Booker,PHO,2.1,76,2108,.063,-.021,-.9,-3.7,23.9,4.3,4.6
369,Derrick Williams,NYK,4.0,80,1435,.248,.036,1.1,-2.0,25.0,9.9,2.5
370,Derrick Rose,CHI,1.0,66,2097,.056,-.055,-2.4,-4.8,24.7,5.2,7.1
371,Derrick Favors,UTH,4.7,62,1983,.371,.159,6.6,1.9,24.6,12.2,2.3
372,Deron Williams,DAL,1.0,65,2106,.172,.061,2.7,-1.2,20.9,4.3,8.6
373,Dennis Schroeder,ATL,1.0,80,1621,.123,.013,.4,-2.7,26.0,6.0,10.3
374,Delon Wright,TOR,2.0,27,229,.273,.189,.9,2.8,21.6,7.8,6.5
375,DeMarre Carroll,TOR,3.5,26,786,.186,.041,.7,-1.8,17.5,7.5,1.6
376,DeMarcus Cousins,SAC,5.0,65,2246,.245,.033,1.5,-2.1,37.4,16.0,4.6
377,DeMar DeRozan,TOR,2.9,78,2804,.209,.125,7.3,.8,31.3,6.0,5.4
378,DeJuan Blair,"WAS, PHO",4.5,29,218,.037,-.175,-.8,-8.5,13.4,12.6,2.4
379,DeAndre Jordan,LAC,5.0,77,2598,.561,.349,18.9,7.8,18.1,19.6,1.7
380,David West,SAS,4.0,78,1404,.353,.141,4.1,1.3,18.9,10.6,4.9
381,David Lee,"BOS, DAL",5.0,55,903,.401,.189,3.6,2.8,22.7,16.2,4.5
382,Darrun Hilliard,DET,2.0,38,383,.125,.041,.3,-1.8,19.0,5.6,3.4
383,Darren Collison,SAC,1.0,74,2219,.218,.107,4.9,.2,22.4,3.7,6.9
384,Darrell Arthur,DEN,4.2,70,1516,.212,.000,.0,-3.1,16.7,9.3,3.0
385,Dante Exum,UTH,1.0,0,0,0,0,0,0,0,0,0
386,Dante Cunningham,NOR,3.2,80,1971,.177,.073,3.0,-.8,11.8,5.7,1.9
387,Danny Green,SAS,2.0,79,2062,.222,.138,5.9,1.2,13.3,7.1,3.3
388,Danilo Gallinari,DEN,3.4,53,1839,.269,.129,4.9,.9,27.0,7.3,3.5
389,Damjan Rudez,MIN,2.5,33,277,.050,-.034,-.2,-4.1,13.0,3.5,1.9
390,Damien Inglis,MIL,4.0,20,156,.121,-.091,-.3,-5.9,11.1,9.5,3.1
391,Damian Lillard,POR,1.0,75,2676,.223,.113,6.3,.4,33.7,5.4,9.2
392,Dahntay Jones,CLE,3.0,1,42,.143,.059,.1,-1.2,14.9,5.7,2.3
393,D.J. Augustin,"OKC, DEN",1.0,62,1178,.202,.091,2.2,-.2,19.0,3.9,8.1
394,D'Angelo Russell,LAL,1.0,80,2259,.109,-.002,-.1,-3.1,22.4,5.8,5.7
395,Cristiano Felicio,CHI,5.0,31,321,.462,.250,1.7,4.7,15.7,15.3,3.9
396,Courtney Lee,"MEM, CHA",2.0,79,2334,.199,.115,5.6,.5,15.7,4.2,2.8
397,Coty Clarke,BOS,3.0,3,6,.336,.252,.0,4.8,48.0,8.0,0
398,Cory Joseph,TOR,1.5,80,2046,.187,.089,3.8,-.3,15.9,4.9,5.9
399,Cory Jefferson,PHO,4.0,8,50,.170,-.042,.0,-4.4,21.1,15.4,0
400,Corey Brewer,HOU,3.0,82,1669,.096,.012,.4,-2.7,17.0,5.7,3.1
401,Cole Aldrich,LAC,5.0,60,800,.507,.295,4.9,6.1,19.7,17.3,3.0
402,Cody Zeller,CHA,5.0,73,1774,.364,.152,5.6,1.7,17.3,12.3,1.9
403,Clint Capela,HOU,5.0,77,1471,.435,.223,6.8,3.8,17.7,16.1,1.5
404,Cliff Alexander,POR,4.0,8,36,.254,.042,.0,-1.8,13.3,8.0,0
405,Cleanthony Early,NYK,4.0,17,154,-.005,-.217,-.7,-9.8,9.7,8.1,1.9
406,Chuck Hayes,HOU,5.0,2,24,.094,-.118,-.1,-6.8,8.0,16.0,4.0
407,Christian Wood,PHI,4.0,17,145,.305,.093,.3,-.2,20.2,12.6,1.0
408,Chris Paul,LAC,1.0,74,2420,.413,.303,15.3,6.3,28.7,6.1,14.6
409,Chris McCullough,BRK,4.0,24,362,.212,.000,.0,-3.1,14.9,9.0,1.2
410,Chris Kaman,POR,4.0,16,112,.120,-.092,-.2,-6.0,18.9,10.3,4.7
411,Chris Johnson,UTH,3.0,70,857,.174,.090,1.6,-.3,11.5,7.4,2.5
412,Chris Copeland,MIL,4.0,24,156,-.041,-.253,-.8,-11.0,15.4,3.1,3.4
413,Chris Bosh,MIA,4.6,53,1778,.296,.084,3.1,-.5,27.3,10.5,3.5
414,Chris Andersen,"MIA, MEM",5.0,27,402,.428,.216,1.8,3.6,12.5,11.7,1.4
415,Chase Budinger,"IND, PHO",2.6,66,929,.228,.144,2.8,1.4,14.0,7.8,3.3
416,Charlie Villanueva,DAL,4.0,62,665,.091,-.121,-1.7,-6.9,23.0,11.0,1.7
417,Channing Frye,"ORL, CLE",4.0,70,1200,.274,.062,1.6,-1.1,17.0,9.4,2.8
418,Chandler Parsons,DAL,3.4,61,1799,.260,.121,4.5,.7,22.3,7.6,4.5
419,Caron Butler,SAC,3.0,17,176,.136,.052,.2,-1.5,17.2,6.0,2.7
420,Carmelo Anthony,NYK,3.2,72,2530,.227,.114,6.0,.5,29.8,10.5,5.7
421,Carl Landry,PHI,4.0,36,569,.358,.146,1.7,1.5,29.6,12.3,2.7
422,Cameron Payne,OKC,1.0,57,698,.131,.021,.3,-2.4,19.5,5.8,7.4
423,Cameron Bairstow,CHI,4.0,18,103,.021,-.191,-.4,-9.0,15.8,13.0,2.8
424,C.J. Wilcox,LAC,3.0,23,167,.131,.047,.2,-1.6,20.1,3.4,2.9
425,C.J. Watson,ORL,1.0,33,656,.163,.052,.7,-1.5,10.4,4.8,6.4
426,C.J. Miles,IND,3.0,64,1464,.153,.069,2.1,-.9,24.7,5.7,2.1
427,C.J. McCollum,POR,1.7,80,2780,.158,.066,3.8,-1.0,28.8,4.5,5.9
428,Bryce Dejean-Jones,NOR,2.0,14,279,.197,.113,.7,.4,13.6,8.3,2.6
429,Bryce Cotton,"PHO, MEM",1.0,8,39,-.090,-.200,-.2,-9.3,9.8,0,3.7
430,Bruno Caboclo,TOR,3.0,6,43,-.289,-.373,-.3,-14.7,3.3,2.2,1.1
431,Brook Lopez,BRK,5.0,73,2457,.267,.055,2.8,-1.4,29.3,11.2,2.9
432,Briante Weber,"MEM, MIA",1.0,7,169,.188,.077,.3,-.7,8.8,7.1,6.0
433,Brian Roberts,(3+),1.0,51,470,.160,.049,.5,-1.5,20.9,4.2,5.5
434,Brandon Rush,GSW,3.0,72,1055,.235,.151,3.3,1.6,13.9,8.2,2.6
435,Brandon Knight,PHO,1.0,52,1870,.112,.002,.1,-3.0,26.1,5.2,6.8
436,Brandon Jennings,"DET, ORL",1.0,48,868,.186,.075,1.4,-.7,18.4,5.3,9.4
437,Brandon Bass,LAL,5.0,66,1342,.379,.167,4.7,2.1,16.9,10.2,2.6
438,Branden Dawson,LAC,4.0,6,29,.198,-.014,.0,-3.5,8.3,6.6,0
439,Brandan Wright,MEM,5.0,12,212,.398,.186,.8,2.7,18.8,9.7,1.4
440,Bradley Beal,WAS,2.0,55,1708,.142,.058,2.1,-1.3,26.9,5.3,4.6
441,Boris Diaw,SAS,5.0,76,1386,.280,.068,2.0,-1.0,16.8,8.1,6.1
442,Bojan Bogdanovic,BRK,3.0,79,2115,.092,.008,.4,-2.8,20.1,5.8,2.2
443,Bobby Portis,CHI,5.0,62,1102,.244,.032,.7,-2.1,19.0,14.7,2.3
444,Boban Marjanovic,SAS,5.0,54,508,.616,.404,4.3,9.5,28.1,18.3,2.0
445,Blake Griffin,LAC,4.4,35,1170,.283,.071,1.7,-.9,30.7,12.1,7.0
446,Bismack Biyombo,TOR,5.0,82,1808,.436,.224,8.4,3.9,12.1,17.4,.8
447,Beno Udrih,"MEM, MIA",1.0,44,707,.116,.006,.1,-2.9,13.9,4.9,7.9
448,Ben McLemore,SAC,2.0,68,1443,.065,-.019,-.6,-3.7,17.7,4.9,2.6
449,Axel Toupane,DEN,2.0,21,305,.107,.023,.1,-2.4,12.0,4.9,2.4
450,Avery Bradley,BOS,2.0,76,2536,.175,.091,4.8,-.2,21.9,4.2,3.0
451,Austin Rivers,LAC,1.5,67,1464,.111,.013,.4,-2.7,19.4,4.3,3.2
452,Arron Afflalo,NYK,2.8,71,2371,.132,.048,2.4,-1.6,18.4,5.4,2.9
453,Aron Baynes,DET,5.0,81,1233,.382,.170,4.4,2.2,20.0,14.9,2.0
454,Archie Goodwin,PHO,2.0,57,1114,.068,-.016,-.4,-3.6,21.8,6.1,5.1
455,Anthony Tolliver,DET,3.0,72,1341,.254,.170,4.7,2.2,13.7,8.2,1.9
456,Anthony Morrow,OKC,3.0,68,926,.115,.031,.6,-2.1,19.7,3.2,1.2
457,Anthony Davis,NOR,5.0,61,2164,.351,.139,6.3,1.2,32.9,13.9,2.6
458,Anthony Brown,LAL,3.0,29,599,.088,.004,.1,-2.9,9.2,5.6,1.5
459,Anthony Bennett,TOR,3.0,19,84,.200,.116,.2,.5,16.0,13.1,0
460,Andrew Wiggins,MIN,3.0,81,2845,.109,.026,1.5,-2.3,28.3,4.9,2.8
461,Andrew Nicholson,ORL,4.0,56,823,.243,.031,.5,-2.1,22.4,11.7,1.5
462,Andrew Goudelock,HOU,2.0,8,50,.054,-.030,.0,-4.0,21.1,1.9,3.8
463,Andrew Bogut,GSW,5.0,70,1451,.455,.243,7.4,4.5,12.4,16.3,5.4
464,Andrea Bargnani,BRK,5.0,46,634,.037,-.175,-2.3,-8.5,23.0,7.3,1.4
465,Andre Roberson,OKC,2.2,70,1553,.282,.198,6.4,3.1,10.4,7.8,1.5
466,Andre Miller,"MIN, SAS",1.3,39,461,.236,.134,1.3,1.1,15.0,5.3,9.1
467,Andre Iguodala,GSW,3.0,65,1732,.300,.216,7.8,3.6,12.7,7.3,6.1
468,Andre Drummond,DET,5.0,81,2666,.445,.233,13.0,4.2,23.7,21.6,1.2
469,Anderson Varejao,"CLE, GSW",4.9,53,496,.264,.052,.5,-1.5,13.4,13.6,3.4
470,Amir Johnson,BOS,4.0,79,1800,.431,.219,8.2,3.7,15.4,13.5,3.7
471,Amare Stoudemire,MIA,5.0,52,762,.365,.153,2.4,1.7,18.9,14.0,1.7
472,Alonzo Gee,NOR,2.1,73,1632,.221,.138,4.7,1.2,9.6,7.2,2.1
473,Allen Crabbe,POR,2.0,81,2105,.178,.094,4.1,-.2,19.0,4.9,2.3
474,Alexis Ajinca,NOR,4.1,59,861,.223,.011,.2,-2.7,19.6,15.0,1.7
475,Alexander Kaun,CLE,5.0,25,95,.363,.151,.3,1.6,11.6,13.1,1.5
476,Alex Stepheson,"LAC, MEM",3.2,8,73,.306,.201,.3,3.2,14.5,18.4,1.3
477,Alex Len,PHO,4.6,78,1821,.217,.005,.2,-2.9,18.5,15.7,2.6
478,Alec Burks,UTH,1.7,31,797,.118,.027,.4,-2.3,24.8,6.6,3.8
479,Alan Williams,PHO,4.0,10,68,.522,.310,.4,6.6,20.5,26.8,3.5
480,Alan Anderson,WAS,2.0,13,192,.122,.038,.2,-1.9,16.3,6.8,3.5
481,Al-Farouq Aminu,POR,3.0,82,2341,.246,.160,7.8,1.9,17.2,10.2,2.8
482,Al Jefferson,CHA,5.0,47,1096,.260,.048,1.1,-1.6,24.6,13.2,3.1
483,Al Horford,ATL,5.0,82,2631,.369,.157,8.6,1.8,22.8,10.9,4.8
484,Adreian Payne,MIN,4.0,52,486,.037,-.175,-1.8,-8.5,13.0,11.0,2.9
485,Aaron Harrison,CHA,1.0,21,93,.085,-.026,.0,-3.9,9.3,7.7,1.0
486,Aaron Gordon,ORL,4.0,78,1863,.363,.151,5.9,1.6,18.5,13.1,3.3
487,Aaron Brooks,CHI,1.0,69,1108,.064,-.047,-1.1,-4.5,21.3,4.4,7.8
488,,,,,,,,,,,,
