,NAME,TM,POS,G,M,AJP48,WP48,WP,POP48,PTS,REB,AST
0,,,,,,,,,,,,
1,Zaza Pachulia,MIL,5.0,53,1325,.274,.084,2.3,-.5,14.8,12.1,4.9
2,Zach Randolph,MEM,4.0,79,2705,.251,.061,3.5,-1.2,24.3,14.1,3.5
3,Xavier Henry,LAL,2.5,43,908,.066,-.015,-.3,-3.6,22.8,6.0,2.7
4,Wilson Chandler,DEN,3.0,62,1927,.136,.049,2.0,-1.6,21.1,7.3,2.8
5,Willie Green,"ORL, LAC",2.0,55,869,.037,-.045,-.8,-4.5,15.1,4.3,2.8
6,Will Bynum,DET,1.0,56,1054,.078,-.003,-.1,-3.2,22.1,4.5,9.8
7,Will Barton,POR,2.0,41,387,.159,.077,.6,-.7,20.6,9.2,4.1
8,Wesley Matthews,POR,2.0,82,2780,.220,.138,8.0,1.2,23.2,5.0,3.4
9,Wesley Johnson,LAL,3.5,79,2240,.169,.033,1.5,-2.1,15.3,7.5,2.7
10,Wayne Ellington,"NYK, DAL",2.0,45,393,.164,.083,.7,-.5,17.7,5.3,2.3
11,Vitor Faverani,BOS,5.0,37,488,.199,.010,.1,-2.8,16.1,12.6,1.6
12,Vince Carter,DAL,2.7,81,1973,.159,.078,3.2,-.7,23.5,6.9,5.2
13,Victor Oladipo,ORL,2.0,80,2487,.119,.038,1.9,-1.9,21.3,6.3,6.3
14,Victor Claver,POR,3.0,21,184,.191,.109,.4,.3,12.3,10.2,3.1
15,Viacheslav Kravtsov,PHO,5.0,20,59,.213,.023,.0,-2.4,16.3,13.8,.8
16,Vander Blue,BOS,1.0,3,15,-.138,-.219,-.1,-9.9,16.0,9.6,3.2
17,Udonis Haslem,MIA,4.0,46,653,.242,.053,.7,-1.4,12.7,12.9,1.0
18,Tyson Chandler,"DAL, NYK",5.0,55,1662,.429,.240,8.3,4.4,13.9,15.3,1.7
19,Tyshawn Taylor,"BRK, NOR",1.0,23,270,-.104,-.184,-1.0,-8.8,15.8,2.7,6.4
20,Tyreke Evans,NOR,2.4,72,2028,.172,.090,3.8,-.3,24.7,8.1,8.6
21,Tyler Zeller,CLE,4.5,70,1049,.312,.122,2.7,.7,18.3,12.9,1.6
22,Tyler Hansbrough,TOR,5.0,64,978,.364,.174,3.6,2.3,15.3,14.1,.8
23,Ty Lawson,DEN,1.0,62,2222,.276,.195,9.0,3.0,23.5,4.6,11.7
24,Troy Daniels,HOU,2.0,5,75,.192,.110,.2,.3,26.9,2.6,3.2
25,Tristan Thompson,CLE,4.0,82,2594,.304,.115,6.2,.5,17.8,14.0,1.3
26,Trey Burke,UTH,1.0,70,2262,.086,.005,.2,-2.9,19.0,4.4,8.4
27,Trevor Booker,WAS,4.0,72,1553,.352,.162,5.3,2.0,15.2,11.7,2.0
28,Trevor Ariza,WAS,3.0,77,2723,.304,.222,12.6,3.8,19.5,8.4,3.4
29,Travis Outlaw,SAC,3.5,63,1065,.157,.024,.5,-2.3,15.5,7.6,2.2
30,Toure' Murry,NYK,2.0,51,373,.068,-.014,-.1,-3.5,18.0,5.7,6.3
31,Tornike Shengelia,"BRK, CHI",3.0,26,154,.036,-.057,-.2,-4.9,9.0,5.0,4.4
32,Tony Wroten,PHI,1.6,72,1765,.025,-.056,-2.1,-4.8,25.5,6.2,5.9
33,Tony Snell,CHI,2.0,77,1231,.132,.050,1.3,-1.5,13.5,4.8,2.7
34,Tony Parker,SAS,1.0,68,1997,.188,.107,4.5,.2,27.3,3.7,9.3
35,Tony Mitchell,"DET, MIL",3.5,21,79,.504,.369,.6,8.4,13.4,15.8,1.2
36,Tony Mitchell,MIL,3.5,3,10,.523,.387,.1,9.0,28.8,4.8,4.8
37,Tony Allen,MEM,2.0,55,1278,.251,.169,4.5,2.2,18.6,7.8,3.5
38,Toney Douglas,"GSW, MIA",1.0,51,675,.112,.031,.4,-2.1,14.4,6.2,4.8
39,Tobias Harris,ORL,4.0,61,1850,.230,.040,1.6,-1.8,23.2,11.0,2.1
40,Timofey Mozgov,DEN,5.0,82,1770,.326,.136,5.0,1.2,20.9,14.3,1.7
41,Tim Hardaway Jr.,NYK,3.0,81,1875,.118,.036,1.4,-2.0,21.1,3.1,1.7
42,Tim Duncan,SAS,4.5,74,2158,.369,.179,8.0,2.5,24.9,16.0,4.9
43,Tiago Splitter,SAS,5.0,59,1271,.365,.176,4.6,2.4,18.2,13.7,3.4
44,Thomas Robinson,POR,5.0,70,873,.272,.082,1.5,-.5,18.6,16.9,1.9
45,Thaddeus Young,PHI,4.0,79,2718,.183,-.007,-.4,-3.3,25.0,8.4,3.2
46,Thabo Sefolosha,OKC,2.5,61,1584,.243,.161,5.3,1.9,11.6,6.7,2.8
47,Terrence Ross,TOR,3.0,81,2159,.173,.091,4.1,-.3,19.5,5.6,1.8
48,Terrence Jones,HOU,4.0,76,2078,.371,.181,7.8,2.6,21.3,12.2,2.0
49,Tayshaun Prince,MEM,3.1,76,1948,.140,.047,1.9,-1.6,11.2,5.8,2.9
50,Taj Gibson,CHI,4.1,82,2351,.253,.064,3.1,-1.1,21.8,11.4,1.9
51,Steven Adams,OKC,5.0,81,1197,.323,.133,3.3,1.1,10.6,13.3,1.7
52,Steve Novak,TOR,4.0,54,540,.233,.044,.5,-1.7,15.8,5.2,1.2
53,Steve Nash,LAL,1.0,15,313,.127,.047,.3,-1.6,15.6,4.4,13.2
54,Steve Blake,"LAL, GSW",1.2,55,1498,.208,.127,4.0,.9,12.1,5.1,9.8
55,Stephen Jackson,LAC,3.0,9,107,-.084,-.166,-.4,-8.2,6.7,4.5,2.2
56,Stephen Curry,GSW,1.0,78,2846,.356,.276,16.3,5.5,31.6,5.6,11.2
57,Spencer Hawes,"PHI, CLE",5.0,80,2470,.279,.090,4.6,-.3,20.5,12.8,4.7
58,Solomon Jones,ORL,4.5,11,85,.127,-.063,-.1,-5.0,7.9,9.0,1.1
59,Solomon Hill,IND,3.0,28,226,.235,.153,.7,1.7,10.0,8.7,2.5
60,Shelvin Mack,ATL,1.3,73,1490,.169,.088,2.7,-.4,17.5,5.2,8.7
61,Shawne Williams,LAL,4.0,36,751,.183,-.006,-.1,-3.3,12.9,10.7,1.9
62,Shawn Marion,DAL,3.0,76,2409,.262,.180,9.0,2.5,15.8,9.9,2.5
63,Shavlik Randolph,PHO,4.0,14,95,.222,.033,.1,-2.1,10.1,12.6,.5
64,Shaun Livingston,BRK,1.4,76,1974,.253,.172,7.1,2.3,15.3,6.0,6.0
65,Shannon Brown,"SAS, NYK",2.0,29,251,.001,-.081,-.4,-5.6,12.0,5.4,1.7
66,Shane Larkin,"NYK, DAL",1.0,48,489,.053,-.028,-.3,-3.9,13.0,4.1,7.0
67,Shane Edwards,CLE,3.0,2,12,-.078,-.160,.0,-8.1,8.0,8.0,0
68,Shane Battier,MIA,3.0,73,1468,.191,.110,3.4,.3,9.7,4.5,2.1
69,Shabazz Muhammad,MIN,2.0,37,290,.118,.036,.2,-2.0,23.7,8.8,1.0
70,Seth Curry,"CLE, MEM",1.0,2,13,.359,.278,.1,5.6,11.1,3.7,0
71,Sergey Karasev,CLE,2.7,22,156,-.040,-.122,-.4,-6.9,11.4,4.9,1.8
72,Serge Ibaka,OKC,4.0,81,2666,.368,.178,9.9,2.5,22.1,12.8,1.5
73,Scotty Hopson,CLE,1.0,2,7,-.574,-.655,-.1,-23.4,6.9,0,6.9
74,Sasha Vujacic,LAC,3.0,2,10,-.182,-.264,-.1,-11.3,24.0,14.4,0
75,Samuel Dalembert,"NYK, DAL",5.0,80,1614,.399,.209,7.0,3.4,15.7,16.1,1.1
76,Ryan Kelly,LAL,5.0,59,1312,.192,.002,.1,-3.0,17.3,8.0,3.5
77,Ryan Hollins,LAC,5.0,61,482,.287,.098,1.0,.0,14.0,9.0,.8
78,Ryan Gomes,OKC,4.0,5,34,-.074,-.264,-.2,-11.3,8.5,5.6,1.4
79,Ryan Anderson,NOR,4.8,22,795,.252,.062,1.0,-1.1,26.3,8.6,1.0
80,Russell Westbrook,OKC,1.0,46,1412,.265,.184,5.4,2.7,34.1,8.9,10.8
81,Rudy Gobert,UTH,5.0,45,434,.345,.156,1.4,1.8,11.5,17.1,.8
82,Rudy Gay,"TOR, SAC",3.3,73,2531,.193,.104,5.5,.1,27.6,8.3,4.0
83,Royce White,SAC,3.5,3,9,-.251,-.387,-.1,-15.1,0,0,0
84,Royal Ivey,OKC,2.0,2,5,-.594,-.676,-.1,-24.1,0,9.6,0
85,Roy Hibbert,IND,5.0,81,2409,.249,.059,3.0,-1.2,17.4,10.7,1.8
86,Ronny Turiaf,MIN,5.0,31,606,.397,.207,2.6,3.4,11.8,13.8,1.9
87,Ronnie Price,ORL,2.0,31,377,.088,.006,.0,-2.9,9.4,5.5,8.4
88,Ronnie Brewer,"CHI, HOU",2.0,24,160,.138,.056,.2,-1.3,2.1,4.2,3.0
89,Roger Mason,MIA,2.0,25,260,.096,.014,.1,-2.6,13.7,4.1,3.5
90,Rodney Stuckey,DET,2.0,73,1950,.049,-.032,-1.3,-4.1,24.9,4.2,3.7
91,Robin Lopez,POR,5.0,82,2603,.427,.238,12.9,4.3,16.7,12.9,1.3
92,Robert Sacre,LAL,5.0,65,1089,.212,.023,.5,-2.4,15.4,11.2,2.2
93,Robert Covington,HOU,4.0,7,34,.233,.043,.0,-1.7,22.6,7.1,0
94,Robbie Hummel,MIN,3.5,53,655,.208,.072,1.0,-.8,13.3,9.7,1.7
95,Ricky Rubio,MIN,1.1,82,2638,.305,.224,12.3,3.9,14.2,6.2,12.8
96,Ricky Ledo,DAL,2.0,11,33,-.038,-.120,-.1,-6.8,27.6,2.9,2.9
97,Richard Jefferson,UTH,3.2,82,2213,.147,.046,2.1,-1.7,18.0,4.8,2.8
98,Reggie Williams,OKC,2.5,3,17,.067,-.015,.0,-3.5,31.1,0,2.8
99,Reggie Jackson,OKC,1.7,80,2277,.186,.104,4.9,.2,22.1,6.6,7.0
100,Reggie Evans,"BRK, SAC",4.0,54,899,.359,.169,3.2,2.2,11.4,17.8,1.1
101,Reggie Bullock,LAC,3.0,43,395,.079,-.003,.0,-3.2,14.0,6.6,1.5
102,Raymond Felton,"DAL, NYK",1.0,65,2017,.175,.094,3.9,-.2,15.0,4.7,8.7
103,Ray McCallum,SAC,1.0,45,897,.077,-.004,-.1,-3.2,15.0,4.2,6.4
104,Ray Allen,MIA,2.2,73,1936,.199,.118,4.7,.6,17.4,5.1,3.5
105,Rasual Butler,IND,3.0,50,378,.237,.155,1.2,1.7,17.3,5.2,2.2
106,Rashard Lewis,MIA,4.1,60,971,.192,.002,.0,-3.0,13.2,5.4,2.8
107,Randy Foye,DEN,2.1,81,2485,.167,.085,4.4,-.4,20.6,4.5,5.5
108,Ramon Sessions,"CHA, MIL",1.4,83,2214,.178,.097,4.5,-.1,22.1,4.4,7.4
109,Rajon Rondo,BOS,1.0,30,998,.227,.146,3.0,1.5,16.8,7.9,14.1
110,Quincy Pondexter,MEM,2.5,15,270,.121,.039,.2,-1.9,16.7,4.6,3.6
111,Quincy Miller,DEN,4.0,52,789,.097,-.093,-1.5,-6.0,15.6,8.9,1.6
112,Quincy Acy,"TOR, SAC",4.0,63,847,.288,.099,1.7,.0,9.7,12.2,1.6
113,Phil Pressey,BOS,1.0,75,1132,.151,.070,1.6,-.9,9.0,4.5,10.2
114,Peyton Siva,DET,1.0,24,224,-.013,-.094,-.4,-6.0,11.6,3.0,7.3
115,Perry Jones,OKC,4.0,62,764,.208,.018,.3,-2.5,13.6,7.2,1.6
116,Pero Antic,ATL,5.0,50,925,.186,-.004,-.1,-3.2,18.3,10.8,3.0
117,Paul Pierce,BRK,3.4,75,2098,.236,.115,5.0,.5,23.1,8.0,4.1
118,Paul Millsap,ATL,4.0,74,2482,.292,.103,5.3,.1,25.7,12.1,4.5
119,Paul George,IND,3.0,80,2898,.274,.192,11.6,2.9,28.8,9.0,4.7
120,Pau Gasol,LAL,5.0,60,1884,.254,.064,2.5,-1.1,26.5,14.8,5.1
121,Patrick Patterson,"SAC, TOR",4.0,65,1533,.295,.106,3.4,.2,17.4,10.7,2.4
122,Patrick Mills,SAS,1.0,81,1527,.260,.179,5.7,2.5,26.0,5.3,4.7
123,Patrick Beverley,HOU,1.0,56,1751,.210,.129,4.7,.9,15.7,5.4,4.1
124,Pablo Prigioni,NYK,1.2,66,1283,.319,.238,6.3,4.3,9.4,4.8,8.5
125,P.J. Tucker,PHO,3.0,81,2490,.297,.215,11.2,3.6,14.7,10.2,2.7
126,Otto Porter,WAS,3.0,37,319,.085,.003,.0,-3.0,11.7,8.6,1.5
127,Othyus Jeffers,"MIN, SAS",2.8,6,47,.221,.139,.1,1.3,9.2,9.2,1.0
128,Orlando Johnson,"IND, SAC",2.0,45,392,.059,-.023,-.2,-3.8,12.2,6.7,2.4
129,Omri Casspi,HOU,3.0,71,1283,.208,.126,3.4,.8,18.3,9.7,3.3
130,Omer Asik,HOU,5.0,48,968,.398,.208,4.2,3.4,13.9,18.7,1.2
131,Ognjen Kuzmic,GSW,5.0,21,92,.106,-.084,-.2,-5.7,7.8,11.0,1.0
132,O.J. Mayo,MIL,1.9,52,1346,.034,-.048,-1.3,-4.6,21.7,4.4,4.0
133,Norris Cole,MIA,1.0,82,2014,.106,.025,1.1,-2.3,12.6,3.8,5.9
134,Nikola Vucevic,ORL,4.9,57,1812,.351,.162,6.1,1.9,21.5,16.6,2.8
135,Nikola Pekovic,MIN,5.0,54,1663,.355,.166,5.7,2.1,27.2,13.5,1.4
136,Nicolas Batum,POR,3.0,82,2956,.339,.257,15.8,4.9,17.4,9.9,6.8
137,Nick Young,LAL,3.0,64,1810,.073,-.009,-.3,-3.4,30.3,4.4,2.5
138,Nick Collison,OKC,4.9,81,1353,.303,.113,3.2,.4,12.0,10.4,3.7
139,Nick Calathes,MEM,2.0,71,1173,.190,.108,2.6,.3,14.2,5.6,8.5
140,Nene Hilario,WAS,4.1,53,1560,.210,.020,.7,-2.5,23.2,9.0,4.7
141,Nemanja Nedovic,GSW,1.0,24,142,-.167,-.248,-.7,-10.8,8.8,5.1,4.4
142,Nazr Mohammed,CHI,5.0,80,562,.292,.102,1.2,.1,10.6,14.9,1.7
143,Nate Wolters,MIL,1.0,58,1309,.173,.092,2.5,-.2,15.3,5.5,6.9
144,Nate Robinson,DEN,1.5,44,866,.134,.053,1.0,-1.4,25.3,4.5,6.2
145,Nando De Colo,"SAS, TOR",1.9,47,494,.204,.123,1.3,.7,17.2,7.1,6.3
146,Mustafa Shakur,OKC,1.0,3,11,-.520,-.601,-.1,-21.8,4.4,0,17.5
147,Monta Ellis,DAL,1.9,82,3023,.139,.057,3.6,-1.3,24.8,4.7,7.5
148,Mo Williams,POR,1.5,74,1834,.103,.021,.8,-2.4,18.9,4.0,8.4
149,Mirza Teletovic,BRK,3.0,72,1396,.211,.129,3.8,.9,21.4,9.1,2.0
150,Miroslav Raduljica,MIL,5.0,48,465,.263,.073,.7,-.8,18.7,11.1,2.4
151,Miles Plumlee,PHO,5.0,80,1964,.332,.142,5.8,1.3,15.8,15.3,1.1
152,Mike Scott,ATL,4.0,80,1482,.177,-.009,-.3,-3.4,24.8,9.2,2.4
153,Mike Muscala,ATL,5.0,20,215,.142,-.047,-.2,-4.5,17.0,11.6,1.6
154,Mike Miller,MEM,2.7,82,1707,.237,.156,5.5,1.8,16.3,5.8,3.7
155,Mike James,CHI,1.0,11,77,-.080,-.161,-.3,-8.1,6.9,4.4,10.6
156,Mike Harris,UTH,3.0,20,225,.236,.154,.7,1.7,17.9,7.0,1.1
157,Mike Dunleavy,CHI,3.2,82,2584,.225,.124,6.7,.8,17.3,6.4,3.5
158,Mike Conley,MEM,1.0,73,2446,.250,.169,8.6,2.2,24.6,4.2,8.7
159,Michael Kidd-Gilchrist,CHA,3.0,62,1502,.262,.180,5.6,2.5,14.3,10.4,1.7
160,Michael Carter-Williams,PHI,1.0,70,2414,.151,.070,3.5,-.9,23.2,8.7,8.8
161,Michael Beasley,MIA,4.0,55,831,.183,-.007,-.1,-3.3,25.2,9.9,2.4
162,Meyers Leonard,POR,4.5,40,355,.197,.007,.1,-2.9,13.3,15.0,2.4
163,Metta World Peace,NYK,4.0,29,388,.133,-.057,-.5,-4.9,17.2,7.3,2.1
164,Melvin Ely,NOR,5.0,2,27,-.037,-.227,-.1,-10.1,10.7,1.8,0
165,Maurice Harkless,ORL,3.3,80,1950,.223,.107,4.4,.3,14.6,6.5,2.0
166,Matthew Dellavedova,CLE,1.0,72,1271,.192,.111,2.9,.4,12.8,4.6,7.1
167,Matt Bonner,SAS,4.0,61,690,.275,.086,1.2,-.4,13.7,9.0,2.2
168,Matt Barnes,LAC,3.0,63,1735,.205,.123,4.4,.7,17.3,8.1,3.5
169,Mason Plumlee,BRK,4.7,70,1275,.400,.211,5.6,3.5,19.6,11.6,2.3
170,Marvin Williams,UTH,4.0,66,1674,.239,.050,1.7,-1.5,17.3,9.6,2.2
171,Martell Webster,WAS,2.6,78,2157,.204,.122,5.5,.7,16.9,4.9,2.2
172,Marreese Speights,GSW,5.0,79,982,.180,-.009,-.2,-3.4,24.8,14.2,1.6
173,Marquis Teague,"CHI, BRK",1.0,40,443,-.042,-.123,-1.1,-6.9,11.6,4.3,6.3
174,Markieff Morris,PHO,4.0,81,2153,.265,.076,3.4,-.7,24.9,10.8,3.2
175,Mario Chalmers,MIA,1.0,73,2178,.219,.138,6.3,1.2,15.8,4.7,7.9
176,Marcus Thornton,"SAC, BRK",1.9,72,1741,.134,.053,1.9,-1.4,19.4,5.5,2.1
177,Marcus Morris,PHO,3.6,82,1800,.224,.077,2.9,-.7,21.2,8.5,2.3
178,Marco Belinelli,SAS,2.0,80,2016,.228,.146,6.1,1.5,21.7,5.4,4.3
179,Marcin Gortat,WAS,5.0,81,2655,.360,.171,9.4,2.2,19.3,13.9,2.5
180,Marc Gasol,MEM,5.0,59,1970,.282,.093,3.8,-.2,20.9,10.3,5.2
181,MarShon Brooks,(3+),2.2,35,316,.186,.105,.7,.2,24.2,8.2,3.8
182,Manu Ginobili,SAS,3.0,68,1550,.281,.199,6.4,3.1,26.0,6.3,9.1
183,Manny Harris,LAL,2.0,9,180,.096,.014,.1,-2.6,19.5,9.1,2.9
184,Malcolm Thomas,"SAS, UTH",4.0,8,63,.098,-.092,-.1,-5.9,11.4,16.0,1.5
185,Maalik Wayns,LAC,2.0,2,9,.430,.349,.1,7.8,10.7,10.7,10.7
186,Luol Deng,"CHI, CLE",2.0,63,2213,.198,.116,5.4,.5,21.9,7.8,4.0
187,Luke Ridnour,"MIL, CHA",2.0,61,1141,.090,.008,.2,-2.8,12.9,4.1,7.4
188,Luke Babbitt,NOR,4.0,27,473,.172,-.017,-.2,-3.6,17.3,8.9,2.9
189,Luis Scola,IND,4.0,82,1399,.196,.006,.2,-2.9,21.5,13.4,2.8
190,Luigi Datome,DET,3.0,34,238,.013,-.069,-.3,-5.2,16.7,9.3,2.2
191,Luc Mbah a Moute,"SAC, MIN",3.4,64,1003,.191,.098,2.1,.0,10.7,7.0,1.7
192,Louis Williams,ATL,2.0,60,1445,.166,.084,2.5,-.5,20.8,4.1,7.0
193,Louis Amundson,"CHI, NOR",4.0,19,185,.205,.016,.1,-2.6,9.9,14.3,1.6
194,Lorenzo Brown,PHI,1.0,26,224,.001,-.079,-.4,-5.6,13.7,6.0,8.8
195,Leandro Barbosa,PHO,1.5,20,368,.086,.004,.0,-2.9,19.6,4.8,4.2
196,LeBron James,MIA,3.4,77,2902,.424,.300,18.1,6.3,34.6,8.8,8.1
197,Lavoy Allen,"PHI, IND",4.5,65,1072,.279,.089,2.0,-.3,13.6,13.9,3.2
198,Larry Sanders,MIL,4.5,23,584,.280,.090,1.1,-.3,14.6,13.6,1.6
199,Landry Fields,TOR,2.4,30,322,.212,.130,.9,1.0,10.1,8.8,3.0
200,Lance Thomas,NOR,4.0,5,42,-.066,-.256,-.2,-11.0,6.9,8.0,3.4
201,Lance Stephenson,IND,2.1,78,2752,.285,.203,11.6,3.2,18.8,9.7,6.3
202,LaMarcus Aldridge,POR,4.0,69,2498,.250,.060,3.1,-1.2,30.8,14.7,3.4
203,Kyrie Irving,CLE,1.0,71,2496,.200,.119,6.2,.6,28.4,5.0,8.3
204,Kyle Singler,DET,3.0,82,2337,.197,.115,5.6,.5,16.1,6.2,1.5
205,Kyle O'Quinn,ORL,5.0,69,1188,.324,.134,3.3,1.1,17.3,14.7,3.2
206,Kyle Lowry,TOR,1.0,79,2862,.323,.242,14.4,4.4,23.8,6.2,9.8
207,Kyle Korver,ATL,2.0,71,2408,.270,.188,9.4,2.8,16.9,5.6,4.1
208,Kris Humphries,BOS,5.0,69,1376,.369,.179,5.1,2.5,20.2,14.3,2.3
209,Kosta Koufos,MEM,5.0,80,1349,.318,.128,3.6,.9,18.3,14.9,1.4
210,Kobe Bryant,LAL,1.5,6,177,-.013,-.094,-.3,-6.0,22.5,7.1,10.3
211,Klay Thompson,GSW,2.0,81,2868,.137,.055,3.3,-1.4,24.9,4.2,3.0
212,Kirk Hinrich,CHI,1.0,73,2116,.160,.079,3.5,-.6,15.1,4.4,6.5
213,Khris Middleton,MIL,3.0,82,2460,.134,.052,2.7,-1.5,19.3,6.0,3.3
214,Kevin Seraphin,WAS,5.0,53,578,.138,-.052,-.6,-4.7,20.7,10.6,1.4
215,Kevin Martin,MIN,2.0,68,2177,.123,.041,1.9,-1.8,28.6,4.5,2.7
216,Kevin Love,MIN,4.3,77,2797,.453,.263,15.3,5.1,34.5,16.5,5.9
217,Kevin Garnett,BRK,5.0,54,1109,.255,.066,1.5,-1.0,15.2,15.5,3.5
218,Kevin Durant,OKC,3.1,81,3122,.406,.312,20.3,6.6,39.9,9.2,6.8
219,Kenyon Martin,NYK,4.6,32,633,.289,.099,1.3,.0,10.4,10.2,3.8
220,Kentavious Caldwell-Pope,DET,2.1,80,1583,.113,.032,1.0,-2.1,14.3,4.7,1.7
221,Kent Bazemore,"GSW, LAL",1.3,67,911,.063,-.018,-.4,-3.7,21.2,6.2,4.8
222,Kenneth Faried,DEN,4.0,80,2178,.375,.186,8.4,2.7,24.2,15.1,2.1
223,Kendrick Perkins,OKC,5.0,62,1207,.187,-.003,-.1,-3.2,8.4,12.1,2.7
224,Kendall Marshall,LAL,1.0,54,1564,.206,.125,4.1,.8,13.2,4.8,14.6
225,Kemba Walker,CHA,1.0,73,2614,.179,.098,5.4,.0,23.7,5.6,8.2
226,Kelly Olynyk,BOS,5.0,70,1400,.249,.059,1.7,-1.2,20.8,12.5,3.7
227,Keith Bogans,BOS,2.0,6,55,.277,.195,.2,3.0,10.5,2.6,2.6
228,Kawhi Leonard,SAS,3.2,66,1923,.392,.292,11.7,6.0,21.1,10.3,3.3
229,Justin Hamilton,"MIA, CHA",5.0,8,72,.179,-.011,.0,-3.4,17.3,4.7,0
230,Julyan Stone,TOR,2.0,21,120,.207,.125,.3,.8,7.2,8.0,4.8
231,Jrue Holiday,NOR,1.0,34,1143,.184,.103,2.5,.1,20.5,6.0,11.3
232,Josh Smith,DET,3.5,77,2730,.100,-.031,-1.7,-4.0,22.2,9.1,4.4
233,Josh Powell,HOU,5.0,1,19,-.012,-.202,-.1,-9.4,10.1,12.6,0
234,Josh McRoberts,CHA,4.0,78,2360,.307,.118,5.8,.6,13.4,7.6,6.8
235,Josh Harrellson,DET,4.0,32,317,.292,.102,.7,.1,14.1,11.5,2.3
236,Josh Childress,NOR,3.0,4,24,.220,.139,.1,1.2,0,6.0,4.0
237,Jose Calderon,"NYK, DAL",1.0,81,2468,.248,.167,8.6,2.1,18.0,3.7,7.3
238,Jorge Gutierrez,BRK,1.0,15,244,.108,.027,.1,-2.2,12.2,4.3,5.9
239,Jordan Hill,LAL,4.2,72,1500,.390,.200,6.3,3.1,22.3,17.1,1.7
240,Jordan Hamilton,(3+),2.9,61,1023,.193,.111,2.4,.4,19.0,9.1,2.4
241,Jordan Farmar,LAL,1.0,41,912,.155,.074,1.4,-.8,21.9,5.5,10.5
242,Jordan Crawford,"BOS, GSW",1.0,81,1859,.124,.043,1.7,-1.7,23.0,4.7,7.3
243,Jonas Valanciunas,TOR,5.0,81,2282,.346,.157,7.4,1.8,19.3,15.0,1.2
244,Jonas Jerebko,DET,4.0,64,741,.253,.063,1.0,-1.1,17.5,11.3,2.5
245,Jon Leuer,MEM,4.5,49,642,.295,.105,1.4,.2,22.6,11.8,1.5
246,John Wall,WAS,1.0,82,2980,.227,.146,9.1,1.5,25.5,5.4,11.6
247,John Salmons,(3+),3.0,78,1726,.138,.057,2.0,-1.3,11.2,4.5,4.1
248,John Lucas,UTH,1.0,42,591,-.034,-.115,-1.4,-6.7,12.9,3.2,3.4
249,John Jenkins,ATL,2.0,13,158,.022,-.060,-.2,-4.9,12.2,6.7,3.3
250,John Henson,MIL,4.2,70,1856,.307,.117,4.5,.6,20.1,12.9,2.9
251,Joel Freeland,POR,4.4,52,727,.296,.107,1.6,.2,11.5,13.7,2.4
252,Joel Anthony,"MIA, BOS",5.0,33,186,.238,.049,.2,-1.6,7.2,9.8,.5
253,Joe Johnson,BRK,2.6,79,2575,.179,.097,5.2,-.1,23.2,5.0,4.0
254,Jodie Meeks,LAL,2.0,77,2556,.183,.101,5.4,.1,22.7,3.6,2.6
255,Joakim Noah,CHI,5.0,80,2820,.462,.272,16.0,5.4,17.1,15.3,7.3
256,Jimmy Butler,CHI,1.0,67,2591,.263,.182,9.8,2.6,16.3,6.1,3.2
257,Jimmer Fredette,"SAC, CHI",1.0,49,519,.157,.076,.8,-.7,25.2,4.8,5.9
258,Jerryd Bayless,"MEM, BOS",1.2,72,1686,.106,.024,.9,-2.3,19.0,4.1,5.5
259,Jermaine O'Neal,GSW,5.0,44,883,.324,.135,2.5,1.1,19.0,13.2,1.4
260,Jeremy Tyler,NYK,4.0,41,398,.217,.027,.2,-2.2,17.6,13.1,1.0
261,Jeremy Lin,HOU,1.6,71,2054,.167,.085,3.6,-.4,20.8,4.4,6.9
262,Jeremy Lamb,OKC,2.0,78,1538,.152,.070,2.3,-.9,20.8,5.9,3.6
263,Jeremy Evans,UTH,4.0,66,1209,.334,.145,3.6,1.4,15.9,12.3,1.7
264,Jeff Withey,NOR,5.0,58,684,.344,.154,2.2,1.7,13.3,10.5,1.8
265,Jeff Teague,ATL,1.0,79,2542,.167,.086,4.6,-.4,24.6,3.9,10.0
266,Jeff Taylor,CHA,2.9,26,629,-.018,-.100,-1.3,-6.2,15.9,4.6,1.7
267,Jeff Green,BOS,2.8,82,2805,.103,.021,1.2,-2.4,23.6,6.5,2.4
268,Jeff Ayres,SAS,5.0,73,952,.301,.111,2.2,.4,12.1,13.0,3.0
269,Jeff Adrien,"CHA, MIL",3.6,53,961,.376,.199,4.0,3.1,18.1,15.3,1.9
270,Jason Thompson,SAC,4.7,82,2007,.238,.048,2.0,-1.6,14.0,12.6,1.3
271,Jason Terry,"BRK, SAC",1.0,35,570,.072,-.009,-.1,-3.3,13.4,3.1,4.7
272,Jason Smith,NOR,5.0,31,830,.156,-.034,-.6,-4.1,17.4,10.5,1.7
273,Jason Maxiell,ORL,5.0,34,488,.164,-.025,-.3,-3.9,10.7,8.5,.9
274,Jason Collins,BRK,4.0,22,172,.092,-.097,-.3,-6.1,7.0,5.3,1.1
275,Jarvis Varnado,"CHI, PHI",4.0,24,339,.281,.092,.6,-.2,14.0,8.9,1.8
276,Jarrett Jack,CLE,1.8,80,2252,.145,.063,3.0,-1.1,16.2,4.8,6.9
277,Jared Sullinger,BOS,4.0,74,2041,.236,.046,2.0,-1.6,23.1,14.1,2.8
278,Jared Dudley,LAC,3.2,74,1729,.143,.039,1.4,-1.9,14.2,4.4,2.9
279,Jared Cunningham,"SAC, ATL",2.0,13,80,.020,-.062,-.1,-5.0,15.6,3.6,4.8
280,Jannero Pargo,CHA,1.0,29,242,.188,.107,.5,.2,27.0,4.0,10.3
281,Jan Vesely,"WAS, DEN",4.0,54,776,.314,.125,2.0,.8,12.2,11.8,1.3
282,James Southerland,"NOR, CHA",3.0,4,30,.069,-.013,.0,-3.5,22.4,12.8,0
283,James Nunnally,"PHI, ATL",2.5,13,165,.049,-.033,-.1,-4.1,12.8,5.5,2.3
284,James Jones,MIA,3.0,20,236,.291,.209,1.0,3.4,19.7,4.7,1.8
285,James Johnson,MEM,4.0,52,956,.313,.124,2.5,.8,19.3,8.3,5.6
286,James Harden,HOU,2.0,73,2777,.305,.223,12.9,3.9,32.0,5.9,7.7
287,James Anderson,PHI,2.0,80,2309,.157,.075,3.6,-.7,16.8,6.2,3.1
288,Jameer Nelson,ORL,1.0,68,2179,.178,.098,4.4,.0,18.1,5.1,10.5
289,Jamal Crawford,LAC,2.4,69,2094,.135,.054,2.3,-1.4,29.4,3.6,5.1
290,Jamaal Tinsley,UTH,1.0,8,110,-.025,-.106,-.2,-6.4,3.9,4.8,10.0
291,Jamaal Franklin,MEM,2.5,21,161,.052,-.030,-.1,-4.0,11.6,6.9,1.8
292,Jae Crowder,DAL,4.0,78,1254,.236,.050,1.3,-1.5,13.6,7.4,2.3
293,JaVale McGee,DEN,5.0,5,79,-.005,-.195,-.3,-9.1,21.3,10.3,1.2
294,J.R. Smith,NYK,2.4,74,2421,.148,.066,3.4,-1.0,21.2,5.9,4.3
295,J.J. Redick,LAC,2.0,35,987,.195,.113,2.3,.4,25.9,3.6,3.8
296,J.J. Hickson,DEN,4.8,69,1859,.306,.117,4.5,.5,21.0,16.3,2.5
297,J.J. Barea,MIN,1.0,79,1471,.036,-.045,-1.4,-4.5,21.5,5.0,9.9
298,Ishmael Smith,PHO,1.0,70,1006,.192,.111,2.3,.4,12.5,6.2,8.5
299,Isaiah Thomas,SAC,1.0,72,2497,.235,.154,8.0,1.7,28.2,4.0,8.7
300,Isaiah Canaan,HOU,1.0,22,252,.037,-.044,-.2,-4.4,19.2,4.6,4.2
301,Iman Shumpert,NYK,2.0,74,1962,.179,.097,4.0,-.1,12.1,7.5,3.2
302,Ian Mahinmi,IND,5.0,77,1248,.294,.104,2.7,.2,10.5,9.9,.9
303,Ian Clark,UTH,1.0,23,172,-.001,-.082,-.3,-5.6,19.0,5.3,4.2
304,Hollis Thompson,PHI,2.7,77,1742,.204,.123,4.4,.7,12.7,6.8,2.0
305,Hilton Armstrong,GSW,4.0,15,97,.556,.366,.7,8.3,12.4,23.3,2.5
306,Henry Sims,"CLE, PHI",5.0,46,875,.309,.119,2.2,.6,19.2,13.0,2.9
307,Hedo Turkoglu,"ORL, LAC",4.0,38,392,.237,.047,.4,-1.6,14.1,10.9,4.0
308,Hasheem Thabeet,OKC,5.0,23,192,.095,-.095,-.4,-6.0,6.8,10.0,.3
309,Harrison Barnes,GSW,3.0,78,2204,.144,.062,2.8,-1.2,16.1,6.8,2.5
310,Hamady N'Diaye,SAC,5.0,14,74,.127,-.063,-.1,-5.0,3.9,11.7,1.9
311,Gustavo Ayon,ATL,5.0,26,429,.325,.136,1.2,1.1,12.5,14.0,3.1
312,Greivis Vasquez,"SAC, TOR",1.3,79,1779,.165,.084,3.1,-.5,20.5,4.7,8.7
313,Greg Stiemsma,NOR,4.0,55,1007,.272,.082,1.7,-.5,7.6,10.8,1.7
314,Greg Smith,"CHI, HOU",5.0,11,100,.284,.095,.2,-.1,18.2,13.0,0
315,Greg Oden,MIA,5.0,23,212,.238,.048,.2,-1.6,15.2,12.2,.2
316,Greg Monroe,DET,4.5,82,2690,.292,.103,5.7,.1,22.3,13.6,3.1
317,Gorgui Dieng,MIN,5.0,60,818,.404,.215,3.7,3.6,16.8,17.6,2.3
318,Gordon Hayward,UTH,2.4,77,2800,.186,.104,6.1,.2,21.4,6.7,6.9
319,Goran Dragic,PHO,1.0,76,2668,.293,.212,11.8,3.5,27.7,4.4,8.0
320,Glen Rice,WAS,2.0,11,109,.053,-.029,-.1,-4.0,14.1,8.8,3.1
321,Glen Davis,"ORL, LAC",4.0,68,1662,.182,-.007,-.3,-3.3,18.5,10.1,2.2
322,Giannis Antetokounmpo,MIL,4.0,77,1897,.194,.004,.2,-2.9,13.3,8.6,3.8
323,Gerald Wallace,BOS,3.1,58,1416,.260,.167,4.9,2.1,10.1,7.2,4.8
324,Gerald Henderson,CHA,2.0,77,2461,.128,.046,2.4,-1.6,21.1,6.0,3.9
325,Gerald Green,PHO,2.3,82,2330,.177,.095,4.6,-.1,26.7,5.7,2.5
326,George Hill,IND,1.0,76,2434,.286,.205,10.4,3.3,15.4,5.6,5.2
327,Gary Neal,"MIL, CHA",1.5,52,1114,.059,-.022,-.5,-3.8,23.6,3.9,3.6
328,Garrett Temple,WAS,1.9,75,638,.120,.038,.5,-1.9,10.4,5.1,5.4
329,Gal Mekel,DAL,1.0,31,292,-.056,-.137,-.8,-7.3,12.0,4.4,10.4
330,Francisco Garcia,HOU,3.0,55,1083,.140,.058,1.3,-1.3,14.0,5.4,2.8
331,Evan Turner,"PHI, IND",3.0,81,2457,.093,.010,.5,-2.8,22.1,8.0,5.1
332,Evan Fournier,"ORL, DEN",3.0,76,1503,.076,-.006,-.2,-3.3,20.4,6.5,3.6
333,Ersan Ilyasova,MIL,3.8,55,1478,.169,.003,.1,-3.0,20.1,11.1,2.3
334,Erik Murphy,"UTH, CHI",5.0,24,62,-.010,-.200,-.3,-9.3,4.6,6.2,1.5
335,Eric Maynor,"WAS, PHI",1.0,31,327,.026,-.055,-.4,-4.8,12.0,5.7,7.6
336,Eric Gordon,NOR,2.0,64,2057,.119,.037,1.6,-1.9,23.1,3.9,4.9
337,Eric Bledsoe,PHO,2.0,43,1416,.262,.180,5.3,2.5,25.9,6.8,8.0
338,Enes Kanter,UTH,5.0,80,2138,.202,.012,.5,-2.7,22.2,13.4,1.7
339,Elton Brand,ATL,5.0,73,1414,.317,.127,3.7,.9,14.2,12.3,2.5
340,Elliot Williams,PHI,1.0,67,1157,.068,-.013,-.3,-3.5,16.8,5.4,3.0
341,Elias Harris,LAL,4.0,2,11,.275,.085,.0,-.4,0,4.4,4.4
342,Ekpe Udoh,MIL,5.0,42,804,.164,-.026,-.4,-3.9,8.6,8.8,1.9
343,Ed Davis,MEM,4.0,63,956,.316,.127,2.5,.9,17.9,13.1,1.4
344,Earl Watson,POR,1.0,24,161,.059,-.022,-.1,-3.8,3.6,4.5,8.3
345,Earl Clark,(3+),3.6,54,768,.110,-.042,-.7,-4.4,16.1,8.9,1.1
346,E'Twaun Moore,ORL,1.0,79,1506,.148,.067,2.1,-1.0,15.9,4.3,3.6
347,Dwyane Wade,MIA,2.0,54,1775,.263,.181,6.7,2.5,27.8,6.5,6.8
348,Dwight Howard,HOU,5.0,71,2396,.398,.208,10.4,3.4,26.0,17.3,2.6
349,Dwight Buycks,TOR,1.0,14,146,.073,-.008,.0,-3.3,14.1,7.6,3.3
350,Drew Gooden,WAS,5.0,22,395,.356,.166,1.4,2.1,22.2,13.9,1.8
351,Draymond Green,GSW,4.0,82,1797,.288,.099,3.7,.0,13.6,10.9,4.1
352,Doron Lamb,ORL,2.0,53,695,.098,.016,.2,-2.6,13.2,3.4,3.0
353,Dorell Wright,POR,3.2,68,984,.224,.120,2.5,.7,16.7,9.3,3.1
354,Donatas Motiejunas,HOU,4.0,62,952,.155,-.035,-.7,-4.2,17.2,11.3,1.7
355,Donald Sloan,IND,1.6,48,392,.118,.037,.3,-1.9,13.5,5.4,6.1
356,Dirk Nowitzki,DAL,4.0,80,2628,.294,.104,5.7,.2,31.7,9.1,3.9
357,Dionte Christmas,PHO,2.0,31,198,.166,.084,.3,-.5,17.2,9.2,1.9
358,Dion Waiters,CLE,2.0,70,2072,.053,-.028,-1.2,-4.0,25.8,4.5,4.8
359,Diante Garrett,UTH,1.0,71,1048,.069,-.012,-.3,-3.4,11.4,4.4,5.5
360,Dexter Pittman,"HOU, ATL",5.0,2,3,.613,.423,.0,10.1,0,48.0,0
361,Dewayne Dedmon,(3+),5.0,31,390,.272,.082,.7,-.5,11.9,15.6,.6
362,Devin Harris,DAL,1.0,40,818,.162,.081,1.4,-.6,18.5,5.0,10.4
363,Derrick Williams,"MIN, SAC",3.1,78,1820,.197,.114,4.3,.5,16.5,8.5,1.5
364,Derrick Rose,CHI,1.0,10,311,-.073,-.154,-1.0,-7.9,24.5,4.9,6.6
365,Derrick Favors,UTH,4.4,73,2201,.328,.138,6.3,1.2,21.2,13.9,2.0
366,Deron Williams,BRK,1.0,64,2059,.235,.154,6.6,1.7,21.3,3.9,9.1
367,Derek Fisher,OKC,1.0,81,1428,.169,.088,2.6,-.3,14.3,4.1,3.9
368,Dennis Schroeder,ATL,1.0,49,641,-.020,-.101,-1.3,-6.2,13.7,4.5,7.0
369,DeMarre Carroll,ATL,3.0,73,2341,.278,.196,9.6,3.0,16.6,8.3,2.7
370,DeMarcus Cousins,SAC,5.0,71,2298,.364,.174,8.4,2.3,33.7,17.4,4.3
371,DeMar DeRozan,TOR,1.9,79,3017,.166,.084,5.3,-.5,28.5,5.5,5.0
372,DeJuan Blair,DAL,5.0,78,1214,.314,.124,3.1,.8,19.7,14.6,2.8
373,DeAndre Liggins,MIA,3.0,1,1,3.022,2.941,.1,88.4,96.0,48.0,0
374,DeAndre Jordan,LAC,5.0,82,2870,.531,.341,20.4,7.5,14.3,18.6,1.2
375,David West,IND,4.1,80,2472,.300,.110,5.7,.3,21.7,10.5,4.3
376,David Lee,GSW,3.7,69,2288,.304,.146,6.9,1.4,26.4,13.5,3.1
377,Darren Collison,LAC,1.1,80,2069,.238,.157,6.7,1.8,21.1,4.4,6.9
378,Darrell Arthur,DEN,4.0,68,1161,.073,-.117,-2.8,-6.7,16.6,8.7,2.5
379,Darius Morris,(3+),1.1,27,313,.061,-.020,-.1,-3.7,16.4,4.0,6.7
380,Darius Miller,NOR,3.0,45,723,.110,.028,.4,-2.2,13.3,3.5,2.9
381,Darius Johnson-Odom,PHI,1.0,3,15,-.955,-1.036,-.3,-35.3,0,6.4,3.2
382,Dante Cunningham,MIN,4.0,81,1635,.234,.045,1.5,-1.7,15.0,9.7,2.4
383,Danny Green,SAS,2.1,68,1651,.258,.176,6.0,2.4,18.0,6.7,3.0
384,Danny Granger,(3+),3.2,41,847,.138,.031,.6,-2.1,19.2,7.5,2.3
385,Daniel Orton,PHI,5.0,22,251,.230,.041,.2,-1.8,12.4,11.7,2.9
386,Damion James,SAS,3.0,5,50,.140,.059,.1,-1.3,5.8,11.5,2.9
387,Damian Lillard,POR,1.0,82,2937,.213,.132,8.1,1.0,27.7,4.7,7.5
388,D.J. White,CHA,4.0,2,10,.186,-.003,.0,-3.2,0,9.6,0
389,D.J. Stephens,MIL,3.0,3,15,.248,.166,.1,2.1,22.4,16.0,0
390,D.J. Augustin,"TOR, CHI",1.0,71,1939,.206,.125,5.0,.8,23.0,3.2,7.7
391,Courtney Lee,"BOS, MEM",2.0,79,1973,.208,.126,5.2,.8,18.5,4.5,2.8
392,Cory Joseph,SAS,1.4,68,936,.245,.163,3.2,2.0,17.6,5.5,5.8
393,Corey Brewer,MIN,3.0,81,2609,.181,.099,5.4,.0,18.4,3.8,2.5
394,Cole Aldrich,NYK,5.0,46,330,.526,.337,2.3,7.4,13.4,18.8,2.0
395,Cody Zeller,CHA,4.8,82,1416,.242,.052,1.5,-1.5,16.6,12.0,3.1
396,Chuck Hayes,"SAC, TOR",4.0,61,754,.320,.130,2.0,1.0,8.4,13.4,2.2
397,Chris Wright,MIL,3.5,8,126,.284,.148,.4,1.5,18.3,7.6,1.9
398,Chris Smith,NYK,2.0,2,2,.105,.023,.0,-2.4,0,0,0
399,Chris Singleton,WAS,3.6,25,250,.164,.021,.1,-2.4,14.4,10.6,1.2
400,Chris Paul,LAC,1.0,62,2171,.438,.357,16.1,8.0,26.2,5.9,14.7
401,Chris Kaman,LAL,5.0,39,736,.190,.001,.0,-3.1,26.3,14.9,3.8
402,Chris Douglas-Roberts,CHA,2.0,49,1016,.237,.155,3.3,1.8,16.0,5.6,2.4
403,Chris Copeland,IND,3.8,41,265,.241,.070,.4,-.9,27.7,5.8,3.3
404,Chris Bosh,MIA,5.0,79,2531,.286,.096,5.1,-.1,24.3,9.9,1.6
405,Chris Babb,BOS,2.0,14,132,.074,-.008,.0,-3.3,8.0,6.2,1.1
406,Chris Andersen,MIA,5.0,72,1396,.446,.257,7.5,4.9,16.4,13.0,.7
407,Chauncey Billups,DET,1.6,19,309,.010,-.071,-.5,-5.3,11.2,4.3,6.5
408,Chase Budinger,MIN,2.0,41,751,.114,.032,.5,-2.1,17.5,6.6,2.0
409,Charlie Villanueva,DET,4.0,20,180,.045,-.144,-.5,-7.6,24.5,9.1,1.6
410,Channing Frye,PHO,4.6,82,2312,.212,.023,1.1,-2.4,18.9,8.6,2.0
411,Chandler Parsons,HOU,3.7,74,2783,.238,.076,4.4,-.7,21.1,7.1,5.1
412,Cartier Martin,"ATL, CHI",2.8,59,870,.157,.075,1.4,-.7,18.2,6.1,1.8
413,Carrick Felix,CLE,3.0,7,38,.130,.048,.0,-1.6,24.0,7.6,5.1
414,Caron Butler,"MIL, OKC",3.0,56,1419,.137,.055,1.6,-1.4,19.9,7.7,2.8
415,Carmelo Anthony,NYK,3.4,77,2982,.259,.134,8.3,1.1,34.0,10.0,3.9
416,Carlos Boozer,CHI,5.0,76,2141,.175,-.015,-.7,-3.5,23.4,14.2,2.6
417,Carl Landry,SAC,3.5,18,233,.223,.087,.4,-.4,15.7,11.7,1.0
418,C.J. Watson,IND,1.0,63,1193,.245,.164,4.1,2.0,16.7,4.1,4.3
419,C.J. Miles,CLE,3.0,51,984,.181,.099,2.0,.0,24.5,5.0,2.5
420,C.J. McCollum,POR,2.0,38,476,.024,-.058,-.6,-4.9,20.3,4.8,2.7
421,Byron Mullens,"LAC, PHI",5.0,45,414,.164,-.025,-.2,-3.9,21.9,10.7,1.6
422,Brook Lopez,BRK,5.0,17,533,.365,.175,1.9,2.4,31.7,9.2,1.4
423,Brian Roberts,NOR,1.0,72,1667,.118,.037,1.3,-1.9,19.5,3.9,6.7
424,Brandon Rush,UTH,3.0,38,418,.037,-.045,-.4,-4.5,9.1,5.1,2.8
425,Brandon Knight,MIL,1.0,72,2400,.118,.037,1.8,-1.9,25.8,5.1,7.0
426,Brandon Jennings,DET,1.0,80,2728,.152,.071,4.0,-.9,21.8,4.3,10.7
427,Brandon Davies,PHI,4.0,51,575,.115,-.075,-.9,-5.4,12.0,9.1,2.3
428,Brandon Bass,BOS,4.2,82,2266,.259,.069,3.3,-.9,19.3,10.0,1.8
429,Brandan Wright,DAL,5.0,58,1077,.475,.286,6.4,5.8,23.4,10.9,1.4
430,Bradley Beal,WAS,2.0,73,2530,.114,.032,1.7,-2.1,23.7,5.2,4.6
431,Boris Diaw,SAS,4.0,79,1974,.261,.071,2.9,-.9,17.4,7.9,5.4
432,Blake Griffin,LAC,4.0,80,2863,.337,.147,8.8,1.5,32.4,12.7,5.2
433,Bismack Biyombo,CHA,5.0,77,1072,.436,.246,5.5,4.6,9.9,16.4,.4
434,Bernard James,DAL,5.0,30,146,.226,.037,.1,-1.9,9.2,13.8,1.0
435,Beno Udrih,"NYK, MEM",1.0,41,643,.178,.097,1.3,-.1,14.9,4.4,8.7
436,Ben McLemore,SAC,2.1,82,2187,.057,-.025,-1.1,-3.8,15.8,5.2,1.8
437,Ben Gordon,CHA,2.0,19,279,-.043,-.125,-.7,-7.0,17.0,4.6,3.6
438,Avery Bradley,BOS,1.7,60,1855,.089,.008,.3,-2.8,23.1,5.8,2.2
439,Austin Rivers,NOR,1.5,69,1339,.055,-.026,-.7,-3.9,19.0,4.6,5.7
440,Austin Daye,"TOR, SAS",2.3,22,148,.064,-.101,-.3,-6.2,21.4,8.8,2.6
441,Arron Afflalo,"DEN, ORL",2.9,73,2552,.168,.086,4.6,-.4,25.0,4.9,4.7
442,Aron Baynes,SAS,5.0,53,491,.153,-.037,-.4,-4.2,15.7,14.2,3.3
443,Arnett Moultrie,PHI,4.0,12,187,.148,-.042,-.2,-4.4,9.2,9.0,.5
444,Arinze Onuaku,"NOR, CLE",4.0,5,30,.113,-.077,.0,-5.5,4.8,12.8,4.8
445,Archie Goodwin,PHO,1.0,52,533,.120,.039,.4,-1.9,17.5,7.8,1.8
446,Anthony Tolliver,CHA,4.0,64,1298,.249,.059,1.6,-1.2,14.5,6.2,1.6
447,Anthony Randolph,"CHI, DEN",5.0,43,527,.174,-.016,-.2,-3.6,18.8,11.1,2.9
448,Anthony Morrow,NOR,3.0,76,1426,.148,.066,2.0,-1.0,21.4,4.7,2.0
449,Anthony Davis,NOR,4.0,67,2358,.425,.236,11.6,4.2,28.4,13.7,2.1
450,Anthony Bennett,CLE,3.5,52,663,.041,-.094,-1.3,-6.0,15.7,11.2,1.2
451,Antawn Jamison,"LAC, ATL",4.0,22,248,.052,-.138,-.7,-7.4,16.3,10.6,1.4
452,Andris Biedrins,UTH,5.0,6,45,.226,.037,.0,-1.9,3.2,18.1,0
453,Andrew Nicholson,ORL,4.0,76,1174,.099,-.091,-2.2,-5.9,17.8,10.4,1.0
454,Andrew Bynum,(3+),5.0,26,516,.206,.016,.2,-2.6,20.9,13.5,2.7
455,Andrew Bogut,GSW,4.8,67,1769,.501,.311,11.5,6.6,13.3,18.2,3.0
456,Andrei Kirilenko,BRK,4.0,45,857,.270,.081,1.4,-.6,12.7,8.2,4.0
457,Andrea Bargnani,NYK,5.0,42,1257,.158,-.032,-.8,-4.1,21.3,8.5,1.7
458,Andre Roberson,OKC,4.0,40,399,.262,.072,.6,-.8,9.0,11.3,1.8
459,Andre Miller,"DEN, WAS",1.7,58,982,.268,.186,3.8,2.7,13.8,6.4,9.6
460,Andre Iguodala,GSW,2.5,63,2040,.325,.243,10.3,4.5,13.8,6.9,6.2
461,Andre Drummond,DET,5.0,81,2619,.538,.349,19.0,7.8,20.1,19.6,.6
462,Andray Blatche,BRK,4.0,73,1618,.259,.070,2.3,-.9,24.4,11.6,3.3
463,Anderson Varejao,CLE,5.0,65,1800,.431,.241,9.0,4.4,14.6,16.8,3.7
464,Amir Johnson,TOR,4.0,77,2214,.329,.139,6.4,1.2,17.3,10.9,2.5
465,Amare Stoudemire,NYK,4.0,65,1466,.263,.074,2.2,-.8,25.3,10.5,1.1
466,Alonzo Gee,CLE,3.0,65,1020,.159,.077,1.6,-.7,12.1,7.0,2.2
467,Allen Crabbe,POR,3.0,15,100,.042,-.040,-.1,-4.3,15.8,4.3,2.9
468,Alexis Ajinca,NOR,5.0,56,951,.277,.087,1.7,-.4,16.6,14.0,2.0
469,Alexey Shved,MIN,2.0,63,664,.076,-.006,-.1,-3.3,18.1,5.9,4.9
470,Alex Len,PHO,5.0,42,362,.152,-.038,-.3,-4.3,11.4,13.1,.5
471,Alec Burks,UTH,1.9,78,2193,.139,.057,2.6,-1.3,23.8,5.6,4.6
472,Alan Anderson,BRK,2.0,78,1773,.126,.044,1.6,-1.7,15.3,4.7,2.2
473,Al-Farouq Aminu,NOR,3.0,80,2045,.280,.192,8.2,2.9,13.4,11.6,2.7
474,Al Jefferson,CHA,5.0,73,2553,.308,.118,6.3,.6,30.0,14.9,2.9
475,Al Horford,ATL,4.8,29,958,.361,.172,3.4,2.3,27.0,12.2,3.8
476,Al Harrington,WAS,5.0,34,511,.041,-.149,-1.6,-7.7,21.1,7.5,2.6
477,Adonis Thomas,"PHI, ORL",3.6,6,37,-.054,-.174,-.1,-8.5,18.2,3.9,3.9
478,Aaron Gray,"TOR, SAC",5.0,37,355,.234,.044,.3,-1.7,8.8,15.0,3.0
479,Aaron Brooks,"HOU, DEN",1.0,72,1557,.111,.030,1.0,-2.2,19.9,4.3,7.2
480,A.J. Price,MIN,1.0,28,99,-.008,-.089,-.2,-5.9,21.3,4.8,6.3
481,,,,,,,,,,,,
