,NAME,TM,POS,G,M,AJP48,WP48,WP,POP48,PTS,REB,AST
0,,,,,,,,,,,,
1,Zaza Pachulia,ATL,5.0,52,1133,.327,.149,3.5,1.6,13.0,14.2,3.3
2,Zach Randolph,MEM,4.1,76,2603,.324,.147,8.0,1.5,21.6,15.7,2.0
3,Xavier Henry,NOR,3.0,50,626,.052,-.016,-.2,-3.6,14.9,6.9,1.0
4,Wilson Chandler,DEN,4.0,43,1081,.198,.021,.5,-2.4,24.9,9.7,2.6
5,Willie Green,LAC,2.0,72,1185,.145,.078,1.9,-.7,18.2,3.9,2.2
6,Will Conroy,MIN,2.0,4,21,-.631,-.699,-.3,-24.8,2.3,2.3,0
7,Will Bynum,DET,1.0,65,1217,.095,.020,.5,-2.5,25.1,3.8,9.1
8,Will Barton,POR,2.0,73,890,.060,-.007,-.1,-3.3,15.9,7.8,3.1
9,Wesley Matthews,POR,2.0,69,2402,.173,.105,5.3,.2,20.4,3.8,3.5
10,Wesley Johnson,PHO,2.6,50,952,.044,-.024,-.5,-3.8,20.1,6.2,1.7
11,Wayne Ellington,"CLE, MEM",2.0,78,1661,.181,.114,3.9,.5,17.7,4.8,3.0
12,Vladimir Radmanovic,CHI,4.0,25,141,.074,-.104,-.3,-6.3,11.2,9.5,2.7
13,Vince Carter,DAL,2.7,81,2088,.220,.153,6.7,1.7,25.0,7.7,4.5
14,Victor Claver,POR,4.0,49,815,.110,-.065,-1.1,-5.1,11.0,7.0,2.5
15,Viacheslav Kravtsov,DET,4.1,25,224,.296,.119,.6,.6,16.5,9.6,1.9
16,Udonis Haslem,MIA,3.4,75,1412,.276,.170,5.0,2.2,9.9,13.7,1.3
17,Tyson Chandler,NYK,5.0,66,2162,.497,.319,14.4,6.8,15.3,15.6,1.4
18,Tyshawn Taylor,BRK,1.0,38,219,-.116,-.192,-.9,-9.0,18.6,3.9,4.6
19,Tyrus Thomas,CHA,4.0,26,364,.011,-.167,-1.3,-8.3,16.5,7.9,2.5
20,Tyreke Evans,SAC,2.5,65,2015,.231,.163,6.9,2.0,23.5,6.8,5.4
21,Tyler Zeller,CLE,5.0,77,2026,.185,.007,.3,-2.9,14.5,10.4,2.3
22,Tyler Honeycutt,SAC,3.0,9,32,-.082,-.150,-.1,-7.7,12.0,15.0,3.0
23,Tyler Hansbrough,IND,4.3,81,1369,.291,.114,3.2,.5,19.9,13.1,1.3
24,Ty Lawson,DEN,1.0,73,2514,.215,.140,7.3,1.3,23.2,3.8,9.6
25,Troy Murphy,DAL,4.0,14,256,.177,.000,.0,-3.1,12.2,9.2,1.3
26,Tristan Thompson,CLE,4.0,82,2567,.320,.143,7.6,1.4,17.9,14.5,2.0
27,Trevor Booker,WAS,3.9,48,888,.346,.178,3.3,2.5,13.8,12.9,2.2
28,Trevor Ariza,WAS,3.0,56,1475,.273,.205,6.3,3.3,17.2,8.7,3.7
29,Travis Outlaw,SAC,3.0,38,447,.093,.026,.2,-2.3,21.5,6.6,2.3
30,Tornike Shengelia,BRK,4.0,19,94,.128,-.049,-.1,-4.6,15.3,11.7,1.5
31,Tony Wroten,MEM,2.0,35,270,.055,-.013,-.1,-3.5,16.2,5.0,7.6
32,Tony Parker,SAS,1.0,66,2181,.277,.202,9.2,3.2,29.5,4.4,11.0
33,Tony Allen,MEM,2.0,79,2113,.233,.165,7.3,2.1,16.0,8.2,2.2
34,Toney Douglas,"HOU, SAC",1.0,71,1290,.145,.069,1.9,-.9,19.9,5.1,5.6
35,Tobias Harris,"MIL, ORL",3.9,55,1296,.208,.045,1.2,-1.7,22.3,10.6,2.6
36,Timofey Mozgov,DEN,5.0,41,364,.284,.106,.8,.2,14.2,14.1,1.2
37,Tim Ohlbrecht,HOU,5.0,3,12,-.361,-.538,-.1,-19.8,12.0,4.0,4.0
38,Tim Duncan,SAS,5.0,69,2070,.393,.216,9.3,3.6,28.5,15.9,4.3
39,Tiago Splitter,SAS,4.9,81,2004,.388,.210,8.8,3.5,20.1,12.3,3.1
40,Thomas Robinson,"HOU, SAC",4.0,70,1058,.185,.008,.2,-2.8,15.1,14.3,2.1
41,Thaddeus Young,PHI,4.0,76,2629,.311,.133,7.3,1.1,20.6,10.4,2.3
42,Thabo Sefolosha,OKC,2.6,81,2234,.293,.226,10.5,3.9,13.2,6.8,2.7
43,Terrence Williams,BOS,3.0,24,318,.184,.116,.8,.5,16.6,6.6,5.7
44,Terrence Ross,TOR,2.0,73,1240,.092,.025,.6,-2.3,18.1,5.6,2.1
45,Terrence Jones,HOU,4.0,19,275,.338,.161,.9,1.9,18.2,11.3,2.6
46,Terrel Harris,"MIA, NOR",1.8,20,136,-.164,-.234,-.7,-10.3,5.3,9.2,3.2
47,Tayshaun Prince,"DET, MEM",3.0,82,2630,.172,.104,5.7,.2,15.5,6.6,3.6
48,Taj Gibson,CHI,4.0,65,1460,.274,.096,2.9,-.1,17.0,11.3,2.0
49,Steve Novak,NYK,3.0,81,1643,.209,.141,4.8,1.3,15.6,4.4,1.0
50,Steve Nash,LAL,1.0,50,1631,.241,.165,5.6,2.1,18.7,4.2,9.8
51,Steve Blake,LAL,1.0,45,1170,.219,.144,3.5,1.4,13.4,5.4,7.1
52,Stephen Jackson,SAS,3.2,55,1076,.070,-.025,-.6,-3.8,15.2,6.9,3.6
53,Stephen Curry,GSW,1.0,78,2987,.280,.205,12.8,3.3,28.7,5.0,8.6
54,Spencer Hawes,PHI,5.0,82,2229,.251,.074,3.4,-.8,19.5,12.7,3.9
55,Solomon Jones,NYK,4.0,2,26,-.069,-.247,-.1,-10.7,0,5.5,0
56,Shelvin Mack,(3+),1.7,31,419,.129,.059,.5,-1.2,16.4,4.6,7.8
57,Shawn Marion,DAL,3.8,67,2007,.346,.193,8.1,2.9,19.4,12.6,3.9
58,Shavlik Randolph,BOS,5.0,16,199,.398,.221,.9,3.8,16.2,16.9,1.0
59,Shaun Livingston,"CLE, WAS",1.4,66,1453,.227,.155,4.7,1.7,13.8,5.2,7.1
60,Shannon Brown,PHO,2.0,59,1405,.094,.027,.8,-2.2,21.1,5.1,3.7
61,Shane Battier,MIA,3.0,72,1788,.227,.160,5.9,1.9,12.7,4.4,1.9
62,Serge Ibaka,OKC,4.0,80,2486,.383,.205,10.6,3.3,20.3,11.9,.8
63,Sebastian Telfair,"PHO, TOR",1.0,59,980,.097,.022,.5,-2.4,16.2,4.1,7.5
64,Scott Machado,HOU,1.0,6,22,-.096,-.171,-.1,-8.4,17.5,2.2,13.1
65,Sasha Pavlovic,POR,2.8,39,526,.086,.018,.2,-2.5,9.4,5.1,2.9
66,Samuel Dalembert,MIL,5.0,47,762,.396,.219,3.5,3.7,19.7,17.4,1.3
67,Samardo Samuels,CLE,5.0,18,195,-.009,-.186,-.8,-8.9,14.3,6.9,2.0
68,Sam Young,IND,2.0,56,690,.175,.108,1.6,.3,10.8,8.6,2.9
69,Ryan Hollins,LAC,5.0,60,666,.235,.057,.8,-1.3,14.8,10.0,.8
70,Ryan Anderson,NOR,4.0,81,2507,.227,.050,2.6,-1.5,25.1,9.9,1.9
71,Russell Westbrook,OKC,1.0,82,2864,.241,.166,9.9,2.1,31.9,7.2,10.2
72,Rudy Gay,"MEM, TOR",3.4,75,2686,.139,.032,1.8,-2.1,24.4,8.2,3.6
73,Royal Ivey,PHI,1.0,53,702,.149,.074,1.1,-.8,11.6,3.9,2.2
74,Roy Hibbert,IND,5.0,79,2270,.306,.128,6.1,.9,19.8,13.9,2.4
75,Ronny Turiaf,LAC,5.0,65,705,.262,.085,1.2,-.4,8.2,10.3,2.4
76,Ronnie Price,POR,1.0,39,510,.052,-.023,-.2,-3.8,9.9,4.1,6.9
77,Ronnie Brewer,"NYK, OKC",3.3,60,850,.225,.123,2.2,.7,10.1,7.9,2.8
78,Roger Mason,NOR,2.0,69,1222,.144,.076,1.9,-.7,14.5,5.2,2.9
79,Rodrigue Beaubois,DAL,1.0,45,552,.085,.010,.1,-2.8,15.7,5.0,7.3
80,Rodney Stuckey,DET,2.0,76,2168,.117,.049,2.2,-1.5,19.4,4.7,6.0
81,Robin Lopez,NOR,5.0,82,2137,.315,.137,6.1,1.2,20.9,10.4,1.4
82,Robert Sacre,LAL,5.0,32,203,-.018,-.195,-.8,-9.1,10.2,8.0,1.4
83,Ricky Rubio,MIN,2.0,57,1690,.235,.167,5.9,2.1,17.3,6.5,11.8
84,Richard Jefferson,GSW,3.0,56,568,.183,.115,1.4,.5,14.9,7.1,2.6
85,Richard Hamilton,CHI,2.0,50,1088,-.003,-.070,-1.6,-5.3,21.6,3.7,5.3
86,Reggie Williams,CHA,3.0,40,380,.152,.085,.7,-.4,18.4,6.4,4.9
87,Reggie Jackson,OKC,1.3,70,991,.203,.130,2.7,1.0,18.1,8.0,5.9
88,Reggie Evans,BRK,4.0,80,1972,.441,.263,10.8,5.1,8.8,21.6,1.0
89,Raymond Felton,NYK,1.0,68,2311,.171,.096,4.6,-.1,19.7,4.1,7.7
90,Ray Allen,MIA,2.1,79,2033,.207,.140,5.9,1.3,20.4,5.1,3.2
91,Rasheed Wallace,NYK,5.0,21,296,.205,.027,.2,-2.2,23.7,13.5,1.0
92,Rashard Lewis,MIA,4.4,55,789,.148,-.029,-.5,-4.0,17.3,7.4,1.8
93,Randy Foye,UTH,1.8,82,2249,.116,.047,2.2,-1.6,18.8,2.7,3.6
94,Ramon Sessions,CHA,1.3,61,1650,.139,.066,2.3,-1.0,25.5,4.9,6.7
95,Rajon Rondo,BOS,1.0,38,1422,.290,.215,6.4,3.6,17.6,7.2,14.2
96,Quincy Pondexter,MEM,2.8,59,1242,.222,.154,4.0,1.7,14.5,5.1,2.4
97,Quincy Miller,DEN,3.0,7,26,-.169,-.236,-.1,-10.4,16.6,3.7,5.5
98,Quincy Acy,TOR,4.0,29,341,.352,.174,1.2,2.3,16.3,10.8,1.5
99,Quentin Richardson,NYK,2.0,1,29,-.049,-.116,-.1,-6.7,8.3,16.6,1.7
100,Perry Jones,OKC,4.0,38,283,.053,-.125,-.7,-7.0,14.9,10.5,1.7
101,Paul Pierce,BOS,3.0,77,2577,.238,.171,9.2,2.2,26.6,9.1,6.9
102,Paul Millsap,UTH,4.0,78,2374,.313,.135,6.7,1.1,22.9,11.2,4.1
103,Paul George,IND,3.0,79,2970,.257,.190,11.7,2.8,22.3,9.7,5.3
104,Pau Gasol,LAL,4.6,49,1655,.274,.096,3.3,-.1,19.5,12.2,5.8
105,Patrick Patterson,"HOU, SAC",4.0,71,1777,.253,.076,2.8,-.7,19.9,9.1,2.2
106,Patrick Mills,SAS,1.0,58,652,.168,.093,1.3,-.2,21.6,3.7,4.6
107,Patrick Beverley,HOU,1.0,41,710,.304,.229,3.4,4.0,15.4,7.4,7.9
108,Pablo Prigioni,NYK,1.0,78,1265,.293,.218,5.7,3.7,10.4,5.4,9.0
109,P.J. Tucker,PHO,2.0,79,1912,.249,.182,7.2,2.6,12.7,8.8,2.7
110,Orlando Johnson,IND,2.0,51,617,.217,.150,1.9,1.6,15.8,8.6,3.7
111,Omri Casspi,CLE,3.4,43,505,.228,.113,1.2,.4,16.4,10.8,2.7
112,Omer Asik,HOU,5.0,82,2464,.372,.195,10.0,3.0,16.2,18.6,1.5
113,O.J. Mayo,DAL,2.0,82,2917,.158,.090,5.5,-.3,20.7,4.8,5.9
114,Norris Cole,MIA,1.0,80,1592,.053,-.022,-.7,-3.8,13.4,3.9,4.9
115,Nolan Smith,POR,1.0,40,288,-.092,-.167,-1.0,-8.3,18.3,4.5,5.8
116,Nikola Vucevic,ORL,5.0,77,2560,.354,.176,9.4,2.4,18.9,17.2,2.7
117,Nikola Pekovic,MIN,5.0,62,1959,.350,.173,7.1,2.3,24.8,13.4,1.3
118,Nicolas Batum,POR,3.0,73,2806,.271,.203,11.9,3.2,17.9,7.0,6.2
119,Nick Young,PHI,2.0,59,1414,.120,.052,1.5,-1.5,21.3,4.4,2.9
120,Nick Collison,OKC,4.7,81,1582,.330,.152,5.0,1.7,12.5,10.1,3.7
121,Nene Hilario,WAS,4.0,61,1656,.269,.092,3.2,-.2,22.2,11.8,5.1
122,Nazr Mohammed,CHI,5.0,63,695,.252,.074,1.1,-.8,11.5,13.5,1.8
123,Nate Robinson,CHI,1.0,82,2087,.182,.107,4.6,.2,24.7,4.2,8.2
124,Nando De Colo,SAS,2.0,72,924,.181,.114,2.2,.5,14.3,7.2,7.2
125,Monta Ellis,MIL,1.8,82,3076,.138,.069,4.5,-.9,24.6,4.9,7.7
126,Mo Williams,UTH,1.0,46,1416,.130,.055,1.6,-1.4,20.1,3.7,9.7
127,Mirza Teletovic,BRK,4.3,53,504,.168,-.010,-.1,-3.4,17.9,9.0,2.2
128,Miles Plumlee,IND,5.0,14,54,.185,.008,.0,-2.8,11.6,19.6,1.8
129,Mike Scott,ATL,4.0,40,377,.246,.068,.5,-1.0,23.3,14.0,1.5
130,Mike Miller,MIA,3.0,59,899,.274,.207,3.9,3.4,15.0,8.4,5.3
131,Mike James,DAL,1.0,45,862,.062,-.013,-.2,-3.5,15.2,4.0,7.7
132,Mike Dunleavy,MIL,3.0,75,1943,.210,.143,5.8,1.4,19.4,7.2,3.6
133,Mike Dunleavy,MIL,2.6,75,1946,.210,.142,5.8,1.4,19.4,7.2,3.6
134,Mike Conley,MEM,1.0,80,2758,.292,.217,12.5,3.7,20.3,3.9,8.5
135,Mickael Pietrus,TOR,3.0,19,388,.065,-.002,.0,-3.1,12.4,4.5,1.1
136,Mickael Gelabale,MIN,3.0,37,648,.272,.205,2.8,3.3,13.6,7.4,2.0
137,Michael Kidd-Gilchrist,CHA,3.6,78,2028,.212,.082,3.5,-.5,16.7,10.8,2.8
138,Michael Beasley,PHO,3.5,75,1550,-.021,-.138,-4.5,-7.4,23.5,8.7,3.4
139,Meyers Leonard,POR,5.0,69,1205,.236,.058,1.5,-1.3,15.0,10.2,1.3
140,Metta World Peace,LAL,3.0,75,2531,.179,.111,5.9,.4,17.6,7.1,2.1
141,Maurice Harkless,ORL,3.0,76,1973,.215,.147,6.0,1.5,15.2,8.2,1.2
142,Matt Carroll,CHA,2.4,1,6,.093,.026,.0,-2.3,0,0,8.0
143,Matt Bonner,SAS,4.0,68,913,.242,.064,1.2,-1.1,15.1,6.8,1.9
144,Matt Barnes,LAC,3.0,80,2060,.258,.191,8.2,2.9,19.2,8.5,2.9
145,Marvin Williams,UTH,3.0,73,1728,.180,.112,4.0,.4,14.7,7.3,2.1
146,Martell Webster,WAS,3.0,76,2198,.252,.184,8.4,2.6,19.0,6.4,3.1
147,Marreese Speights,"CLE, MEM",5.0,79,1295,.229,.052,1.4,-1.5,24.4,14.3,1.7
148,Marquis Teague,CHI,1.0,48,392,.011,-.064,-.5,-5.1,12.1,5.4,7.7
149,Marquis Daniels,MIL,3.0,59,1088,.101,.033,.8,-2.0,14.3,6.6,2.9
150,Markieff Morris,PHO,4.4,82,1842,.167,-.010,-.4,-3.4,17.5,10.3,2.8
151,Mario Chalmers,MIA,1.0,77,2068,.209,.134,5.8,1.1,15.5,4.0,6.3
152,Marcus Thornton,SAC,1.7,72,1730,.153,.083,3.0,-.5,25.4,5.0,2.5
153,Marcus Morris,"HOU, PHO",3.8,77,1523,.144,-.007,-.2,-3.3,18.8,8.7,2.0
154,Marcus Camby,NYK,5.0,24,251,.231,.054,.3,-1.4,8.0,15.3,2.7
155,Marco Belinelli,CHI,2.0,73,1883,.099,.032,1.2,-2.1,17.9,3.6,3.8
156,Marcin Gortat,PHO,5.0,61,1879,.304,.126,4.9,.8,17.4,13.2,1.9
157,Marc Gasol,MEM,5.0,80,2798,.378,.200,11.7,3.1,19.3,10.7,5.5
158,MarShon Brooks,BRK,2.0,73,915,.111,.043,.8,-1.7,20.7,5.5,4.0
159,Manu Ginobili,SAS,2.0,60,1394,.255,.187,5.4,2.7,24.3,6.9,9.4
160,Malcolm Thomas,"CHI, GSW",4.0,12,56,.367,.190,.2,2.8,12.9,13.7,3.4
161,Malcolm Lee,MIN,2.1,16,289,.155,.087,.5,-.4,13.0,6.5,3.3
162,Maalik Wayns,"LAC, PHI",1.0,27,202,-.200,-.275,-1.2,-11.6,18.1,1.7,6.4
163,Luol Deng,CHI,3.2,75,2899,.218,.127,7.7,.9,20.5,7.9,3.7
164,Luke Zeller,PHO,5.0,16,59,-.077,-.254,-.3,-11.0,15.5,8.1,2.4
165,Luke Walton,CLE,4.0,50,855,.244,.066,1.2,-1.0,9.7,8.1,9.3
166,Luke Ridnour,MIN,1.1,82,2474,.157,.083,4.3,-.5,18.2,4.0,6.0
167,Luke Babbitt,POR,3.0,62,731,.127,.060,.9,-1.2,16.0,9.0,1.9
168,Luis Scola,PHO,4.0,82,2185,.209,.031,1.4,-2.1,23.0,11.9,4.0
169,Luc Mbah a Moute,MIL,4.0,58,1328,.135,-.042,-1.2,-4.4,14.0,9.3,2.0
170,Louis Williams,ATL,2.0,39,1121,.153,.086,2.0,-.4,23.6,3.4,6.0
171,Louis Amundson,(3+),5.0,39,374,.222,.045,.3,-1.7,9.8,13.6,1.4
172,Linas Kleiza,TOR,4.0,20,375,.002,-.176,-1.4,-8.5,18.9,6.7,2.0
173,Leandro Barbosa,BOS,1.0,41,511,.127,.051,.5,-1.5,20.2,4.3,5.4
174,LeBron James,MIA,4.0,76,2881,.495,.318,19.1,6.8,33.9,10.2,9.2
175,Lazar Hayward,MIN,3.0,4,31,.089,.021,.0,-2.4,15.5,6.2,4.6
176,Lavoy Allen,PHI,4.9,79,1668,.229,.052,1.8,-1.5,13.1,11.4,2.1
177,Larry Sanders,MIL,5.0,71,1938,.403,.225,9.1,3.9,17.2,16.6,2.1
178,Landry Fields,TOR,3.0,51,1036,.245,.178,3.8,2.5,11.1,9.6,2.8
179,Lance Thomas,NOR,3.0,59,645,.227,.160,2.1,1.9,11.1,8.6,1.3
180,Lance Stephenson,IND,2.0,78,2277,.231,.164,7.8,2.0,14.5,6.4,4.7
181,Lamar Odom,LAC,4.0,82,1616,.269,.092,3.1,-.2,9.8,14.3,4.2
182,LaMarcus Aldridge,POR,4.2,74,2787,.243,.066,3.8,-1.0,26.9,11.5,3.3
183,Kyrie Irving,CLE,1.0,59,2048,.193,.118,5.0,.6,31.1,5.1,8.2
184,Kyle Singler,DET,2.6,82,2297,.142,.075,3.6,-.8,15.0,6.9,1.6
185,Kyle O'Quinn,ORL,5.0,57,636,.307,.130,1.7,1.0,17.5,15.8,3.9
186,Kyle Lowry,TOR,1.0,68,2023,.292,.217,9.1,3.7,18.8,7.6,10.3
187,Kyle Korver,ATL,3.0,73,2241,.268,.200,9.3,3.1,17.2,6.2,3.1
188,Kwame Brown,PHI,5.0,22,269,.280,.102,.6,.1,7.3,13.2,1.6
189,Kurt Thomas,NYK,5.0,39,394,.314,.136,1.1,1.2,11.8,10.8,2.6
190,Kris Joseph,"BOS, BRK",3.6,10,54,-.087,-.218,-.2,-9.9,8.0,6.2,.9
191,Kris Humphries,BRK,4.0,65,1192,.295,.117,2.9,.6,15.1,14.7,1.3
192,Kosta Koufos,DEN,5.0,81,1820,.390,.212,8.0,3.5,17.1,14.8,.8
193,Kobe Bryant,LAL,2.4,78,3018,.216,.149,9.4,1.6,33.9,6.9,7.5
194,Klay Thompson,GSW,2.3,82,2935,.103,.036,2.2,-2.0,22.2,5.0,3.0
195,Kirk Hinrich,CHI,1.2,60,1764,.182,.108,4.0,.3,12.5,4.3,8.5
196,Kim English,DET,2.0,41,412,.060,-.007,-.1,-3.3,13.9,4.3,3.0
197,Khris Middleton,DET,3.0,27,477,.135,.067,.7,-1.0,16.6,5.0,2.8
198,Keyon Dooling,MEM,2.0,7,82,.139,.072,.1,-.8,18.1,.6,4.7
199,Kevin Seraphin,WAS,5.0,79,1723,.065,-.112,-4.0,-6.6,20.1,9.6,1.6
200,Kevin Murphy,UTH,2.0,17,51,-.467,-.535,-.6,-19.7,14.1,3.8,1.9
201,Kevin Martin,OKC,2.0,77,2138,.196,.129,5.7,.9,24.2,4.0,2.4
202,Kevin Love,MIN,4.2,18,619,.249,.071,.9,-.9,25.6,19.5,3.3
203,Kevin Jones,CLE,4.0,32,335,.203,.025,.2,-2.3,13.6,11.2,1.4
204,Kevin Garnett,BOS,5.0,68,2024,.292,.114,4.8,.5,23.8,12.6,3.8
205,Kevin Durant,OKC,3.2,81,3118,.409,.315,20.4,6.7,35.1,9.9,5.8
206,Kenyon Martin,NYK,4.3,18,430,.305,.128,1.1,.9,14.4,10.5,.9
207,Kent Bazemore,GSW,2.0,61,266,-.004,-.072,-.4,-5.3,22.2,4.0,4.0
208,Kenneth Faried,DEN,4.0,80,2247,.390,.213,10.0,3.5,19.7,15.7,1.6
209,Kendrick Perkins,OKC,5.0,78,1955,.224,.047,1.9,-1.6,8.2,11.5,2.7
210,Kendall Marshall,PHO,1.4,48,705,.099,.027,.4,-2.2,9.7,2.9,9.7
211,Kemba Walker,CHA,1.0,82,2857,.191,.115,6.9,.5,24.4,4.8,7.9
212,Keith Bogans,BRK,2.0,74,1406,.122,.054,1.6,-1.4,10.6,4.1,2.6
213,Kawhi Leonard,SAS,3.0,58,1813,.339,.271,10.2,5.4,18.2,9.2,2.5
214,Juwan Howard,MIA,4.0,7,49,.002,-.175,-.2,-8.5,20.6,7.8,5.9
215,Justin Holiday,PHI,4.0,9,143,.009,-.169,-.5,-8.3,14.1,4.7,5.0
216,Justin Dentmon,DAL,1.0,2,4,-.816,-.891,-.1,-30.8,0,0,0
217,Julyan Stone,DEN,1.0,4,27,.299,.223,.1,3.9,12.4,5.3,3.6
218,Jrue Holiday,PHI,1.0,78,2924,.163,.088,5.3,-.4,22.7,5.4,10.3
219,Josh Smith,ATL,3.8,76,2685,.215,.055,3.1,-1.4,23.7,11.4,5.8
220,Josh Selby,MEM,1.0,10,58,-.250,-.325,-.4,-13.2,16.6,4.1,3.3
221,Josh McRoberts,"CHA, ORL",4.0,67,1491,.259,.081,2.5,-.5,12.9,10.5,4.5
222,Josh Howard,MIN,3.0,11,207,.079,.012,.1,-2.7,17.2,8.3,.9
223,Josh Harrellson,MIA,5.0,6,32,.122,-.055,.0,-4.8,15.0,10.5,0
224,Josh Childress,BRK,4.0,14,100,.163,-.014,.0,-3.5,6.7,7.2,2.4
225,Josh Akognon,DAL,2.0,3,9,.074,.006,.0,-2.9,26.7,5.3,5.3
226,Jose Calderon,"DET, TOR",1.7,73,2159,.336,.266,12.0,5.2,18.4,3.9,11.5
227,Jordan Hill,LAL,4.0,29,458,.386,.208,2.0,3.4,20.3,17.4,1.4
228,Jordan Hamilton,DEN,2.8,40,399,.191,.124,1.0,.8,25.0,11.4,2.8
229,Jordan Crawford,"BOS, WAS",1.0,70,1712,.113,.037,1.3,-1.9,22.8,5.9,6.3
230,Jonas Valanciunas,TOR,5.0,62,1482,.316,.138,4.3,1.2,17.9,12.0,1.5
231,Jonas Jerebko,DET,4.0,49,893,.240,.062,1.2,-1.1,20.3,9.9,2.3
232,Jon Leuer,"CLE, MEM",5.0,28,188,.186,.008,.0,-2.8,14.3,9.4,2.0
233,John Wall,WAS,1.2,49,1604,.220,.147,4.9,1.5,27.1,5.9,11.1
234,John Salmons,SAC,3.0,76,2275,.136,.068,3.2,-1.0,14.2,4.4,4.8
235,John Lucas,TOR,1.0,126,1655,.117,.042,1.4,-1.8,19.3,3.8,6.1
236,John Jenkins,ATL,2.0,60,873,.158,.090,1.6,-.3,19.4,5.2,2.7
237,John Henson,MIL,4.0,63,826,.318,.141,2.4,1.3,22.1,17.3,1.8
238,Johan Petro,ATL,5.0,31,352,.208,.030,.2,-2.1,14.7,15.3,2.2
239,Joel Przybilla,MIL,5.0,12,69,.205,.028,.0,-2.2,1.4,14.6,2.8
240,Joel Freeland,POR,4.0,51,477,.142,-.035,-.3,-4.2,13.5,12.0,1.3
241,Joel Anthony,MIA,5.0,62,565,.314,.137,1.6,1.2,7.4,9.8,1.1
242,Joe Johnson,BRK,2.6,72,2644,.128,.061,3.3,-1.2,21.2,4.0,4.6
243,Jodie Meeks,LAL,2.0,78,1660,.144,.077,2.6,-.7,17.9,4.9,2.0
244,Joakim Noah,CHI,5.0,66,2422,.428,.250,12.6,4.7,15.5,14.5,5.2
245,Jimmy Butler,CHI,2.8,82,2133,.336,.268,11.9,5.3,15.9,7.4,2.6
246,Jimmer Fredette,SAC,2.0,69,969,.093,.025,.5,-2.3,24.5,3.5,4.6
247,Jerryd Bayless,MEM,1.4,80,1764,.160,.088,3.2,-.4,18.9,4.8,7.2
248,Jerry Stackhouse,BRK,3.0,37,543,.047,-.020,-.2,-3.7,16.1,2.9,3.1
249,Jermaine O'Neal,PHO,5.0,55,1030,.265,.088,1.9,-.3,21.2,13.7,2.0
250,Jeremy Tyler,"ATL, GSW",5.0,21,67,.027,-.151,-.2,-7.8,15.8,14.3,.7
251,Jeremy Pargo,"CLE, PHI",2.0,39,660,.020,-.048,-.7,-4.6,19.3,3.6,6.7
252,Jeremy Lin,HOU,1.1,82,2641,.187,.113,6.2,.4,19.9,4.5,9.0
253,Jeremy Lamb,OKC,3.0,23,147,.004,-.064,-.2,-5.1,23.2,5.9,1.6
254,Jeremy Evans,UTH,3.6,37,215,.473,.337,1.5,7.4,16.7,12.9,2.5
255,Jeff Teague,ATL,1.0,80,2630,.192,.117,6.4,.6,21.3,3.3,10.6
256,Jeff Taylor,CHA,3.0,77,1510,.126,.059,1.9,-1.2,15.0,4.8,2.0
257,Jeff Taylor,CHA,3.0,77,1507,.126,.059,1.9,-1.2,15.0,4.8,2.0
258,Jeff Pendergraph,IND,3.4,37,372,.275,.159,1.2,1.9,18.7,13.4,1.9
259,Jeff Green,BOS,3.6,81,2253,.190,.060,2.8,-1.2,22.1,6.8,2.7
260,Jeff Ayres,IND,4.0,37,369,.276,.099,.8,.0,18.9,13.5,2.0
261,Jeff Adrien,CHA,4.0,52,712,.261,.083,1.2,-.5,14.1,13.2,2.4
262,Jason Thompson,SAC,4.1,82,2287,.229,.051,2.4,-1.5,18.7,11.5,1.8
263,Jason Terry,BOS,2.0,79,2123,.187,.119,5.3,.6,18.1,3.6,4.5
264,Jason Smith,NOR,5.0,51,875,.189,.011,.2,-2.7,23.0,10.2,1.9
265,Jason Richardson,PHI,2.0,33,939,.166,.098,1.9,.0,17.7,6.5,2.6
266,Jason Maxiell,DET,4.0,72,1791,.214,.037,1.4,-1.9,13.3,11.0,1.4
267,Jason Kidd,NYK,2.0,76,2045,.327,.260,11.1,5.0,10.8,7.6,5.8
268,Jason Collins,"BOS, WAS",5.0,38,381,.119,-.058,-.5,-4.9,5.2,7.6,1.0
269,Jarvis Varnado,"BOS, MIA",4.3,13,59,.013,-.164,-.2,-8.2,6.5,7.3,2.4
270,Jarrett Jack,GSW,1.6,79,2354,.205,.135,6.6,1.1,20.9,5.0,8.9
271,Jared Sullinger,BOS,4.0,45,889,.315,.138,2.6,1.2,14.6,14.3,1.9
272,Jared Jeffries,POR,4.0,38,350,.041,-.136,-1.0,-7.3,6.0,8.2,1.9
273,Jared Dudley,PHO,3.0,79,2169,.239,.171,7.7,2.2,19.1,5.4,4.5
274,Jared Cunningham,DAL,2.0,8,26,.023,-.045,.0,-4.5,29.5,5.5,1.8
275,Jannero Pargo,(3+),1.0,32,509,.005,-.071,-.7,-5.3,19.5,3.3,6.3
276,Jan Vesely,WAS,4.0,51,603,.186,.008,.1,-2.8,10.0,9.7,2.2
277,James White,NYK,3.0,57,434,.117,.050,.4,-1.5,13.8,5.3,3.2
278,James Jones,MIA,3.0,38,219,.098,.030,.1,-2.1,13.2,4.8,2.8
279,James Johnson,SAC,3.7,54,879,.090,-.053,-1.0,-4.7,15.1,7.9,3.2
280,James Harden,HOU,2.0,78,2980,.281,.214,13.3,3.6,32.6,6.1,7.3
281,James Anderson,"HOU, SAS",2.2,39,402,.241,.174,1.5,2.3,17.8,8.6,5.0
282,Jameer Nelson,ORL,1.0,56,1975,.135,.060,2.5,-1.2,20.0,5.1,10.0
283,Jamal Crawford,LAC,2.0,76,2231,.130,.062,2.9,-1.1,27.0,2.8,4.2
284,Jamaal Tinsley,UTH,1.0,66,1222,.199,.124,3.2,.8,9.0,4.5,11.4
285,Jae Crowder,DAL,3.0,78,1350,.157,.090,2.5,-.3,13.9,6.6,3.3
286,JaVale McGee,DEN,5.0,79,1433,.360,.182,5.4,2.6,24.0,12.8,.8
287,J.R. Smith,NYK,2.5,80,2678,.165,.098,5.5,.0,25.9,7.6,3.9
288,J.J. Redick,"MIL, ORL",2.0,78,2382,.154,.087,4.3,-.4,22.2,3.4,6.0
289,J.J. Hickson,POR,5.0,80,2322,.410,.232,11.2,4.1,21.0,17.1,1.8
290,J.J. Barea,MIN,1.0,74,1714,.093,.018,.6,-2.5,23.4,5.8,8.2
291,Ivan Johnson,ATL,4.0,69,1035,.253,.075,1.6,-.7,21.0,12.3,2.1
292,Ishmael Smith,"MIL, ORL",1.0,52,514,.075,.000,.0,-3.1,11.5,5.7,8.1
293,Isaiah Thomas,SAC,1.0,79,2122,.179,.104,4.6,.2,24.9,3.6,7.1
294,Iman Shumpert,NYK,1.6,45,996,.194,.124,2.6,.8,14.7,6.6,3.6
295,Ian Mahinmi,IND,5.0,80,1322,.213,.036,1.0,-2.0,14.6,11.3,1.0
296,Henry Sims,NOR,5.0,2,5,.446,.268,.0,5.3,38.4,19.2,0
297,Hedo Turkoglu,ORL,3.3,11,189,-.034,-.130,-.5,-7.1,8.1,6.6,5.8
298,Hasheem Thabeet,OKC,5.0,66,775,.325,.147,2.4,1.5,9.9,12.1,.7
299,Harrison Barnes,GSW,3.3,81,2061,.154,.052,2.2,-1.5,17.4,7.8,2.3
300,Hamed Haddadi,"MEM, PHO",5.0,30,321,.227,.049,.3,-1.5,12.6,16.6,1.8
301,Hakim Warrick,"CHA, NOR",4.0,28,489,.079,-.098,-1.0,-6.1,19.0,8.7,2.5
302,Gustavo Ayon,"MIL, ORL",5.0,55,735,.282,.105,1.6,.2,13.3,13.0,4.6
303,Greivis Vasquez,NOR,2.0,78,2685,.177,.109,6.1,.3,19.4,6.0,12.6
304,Greg Stiemsma,MIN,5.0,76,1212,.210,.032,.8,-2.1,12.2,10.4,1.2
305,Greg Smith,HOU,5.0,70,1109,.370,.193,4.5,2.9,18.2,13.9,1.1
306,Greg Monroe,DET,5.0,81,2686,.302,.125,7.0,.8,23.2,13.9,5.0
307,Grant Hill,LAC,3.7,29,435,.034,-.109,-1.0,-6.5,10.3,5.4,2.9
308,Gordon Hayward,UTH,2.5,72,2108,.200,.132,5.8,1.0,23.2,5.1,4.9
309,Goran Dragic,PHO,1.0,77,2582,.233,.158,8.5,1.8,21.1,4.4,10.6
310,Glen Davis,ORL,4.1,34,1065,.130,-.047,-1.0,-4.5,23.1,11.1,3.2
311,Gerald Wallace,BRK,3.1,69,2077,.224,.143,6.2,1.4,12.3,7.4,4.2
312,Gerald Henderson,CHA,2.0,68,2133,.140,.072,3.2,-.8,23.7,5.6,4.0
313,Gerald Green,IND,2.7,60,1082,.079,.011,.2,-2.7,18.7,6.3,2.2
314,George Hill,IND,1.0,76,2622,.283,.208,11.3,3.4,19.7,5.2,6.5
315,Gary Neal,SAS,1.5,68,1485,.074,.003,.1,-3.0,20.8,4.6,4.2
316,Garrett Temple,WAS,2.0,51,1158,.174,.107,2.6,.2,10.9,5.1,4.8
317,Francisco Garcia,"HOU, SAC",2.2,58,1028,.154,.087,1.9,-.4,15.0,4.2,2.9
318,Festus Ezeli,GSW,5.0,78,1124,.290,.113,2.6,.4,8.2,13.4,.9
319,Fab Melo,BOS,5.0,6,36,.065,-.112,-.1,-6.6,9.3,4.0,0
320,Evan Turner,PHI,2.9,82,2898,.125,.057,3.4,-1.3,18.1,8.6,5.9
321,Evan Fournier,DEN,2.0,38,428,.117,.050,.4,-1.5,22.7,3.9,4.9
322,Ersan Ilyasova,MIL,4.0,73,2013,.305,.128,5.4,.9,22.9,12.4,2.8
323,Eric Maynor,"OKC, POR",1.6,64,962,.047,-.023,-.5,-3.8,14.5,2.3,9.1
324,Eric Gordon,NOR,1.0,42,1267,.025,-.050,-1.3,-4.6,27.0,2.9,5.2
325,Eric Bledsoe,LAC,1.0,76,1554,.248,.173,5.6,2.3,19.9,6.9,7.2
326,Enes Kanter,UTH,5.0,70,1079,.302,.124,2.8,.8,22.5,13.5,1.4
327,Emeka Okafor,WAS,5.0,79,2055,.336,.159,6.8,1.9,17.9,16.2,2.2
328,Elton Brand,DAL,4.0,72,1530,.288,.111,3.5,.4,16.3,13.5,2.2
329,Ekpe Udoh,MIL,5.0,76,1310,.270,.093,2.5,-.2,11.8,9.2,1.6
330,Eddy Curry,DAL,5.0,2,25,-.256,-.433,-.2,-16.6,17.3,7.7,0
331,Ed Davis,"MEM, TOR",4.7,81,1627,.377,.199,6.8,3.1,18.4,13.6,1.9
332,Earl Watson,UTH,1.0,48,827,.155,.080,1.4,-.6,5.6,5.0,11.0
333,Earl Clark,LAL,4.0,59,1363,.242,.065,1.8,-1.1,15.1,11.4,2.3
334,Earl Barron,"NYK, WAS",5.0,12,159,.203,.025,.1,-2.3,11.8,18.4,1.5
335,E'Twaun Moore,ORL,1.5,75,1682,.080,.008,.3,-2.8,16.8,4.8,5.9
336,Dwyane Wade,MIA,1.9,69,2390,.288,.220,10.9,3.8,29.4,6.9,7.1
337,Dwight Howard,LAL,5.0,76,2717,.367,.189,10.7,2.8,22.9,16.7,1.9
338,Drew Gooden,MIL,5.0,16,150,-.022,-.200,-.6,-9.3,16.6,9.9,1.9
339,Draymond Green,GSW,3.0,79,1061,.139,.072,1.6,-.9,10.3,11.8,2.4
340,Doron Lamb,"MIL, ORL",2.0,47,577,-.025,-.092,-1.1,-6.0,12.8,3.8,2.7
341,Dorell Wright,PHI,3.2,79,1783,.269,.175,6.5,2.4,19.6,8.1,4.0
342,Donatas Motiejunas,HOU,4.3,44,538,.097,-.081,-.9,-5.6,22.3,8.3,2.7
343,Donald Sloan,"CLE, NOR",2.0,23,263,.086,.019,.1,-2.5,14.8,5.1,6.9
344,Dominique Jones,DAL,2.0,29,338,.099,.032,.2,-2.1,16.5,6.4,11.8
345,Dominic McGuire,(3+),4.0,26,388,.229,.056,.4,-1.4,6.3,9.6,2.5
346,Dirk Nowitzki,DAL,4.6,53,1662,.269,.091,3.2,-.2,26.5,10.5,3.8
347,Dion Waiters,CLE,2.0,61,1757,.043,-.024,-.9,-3.8,24.4,4.1,5.0
348,Diante Garrett,PHO,1.0,19,149,.048,-.027,-.1,-3.9,12.9,4.8,10.0
349,Dexter Pittman,"MEM, MIA",5.0,11,31,-.032,-.209,-.1,-9.6,12.4,18.6,0
350,Devin Harris,ATL,1.1,58,1420,.190,.116,3.4,.5,19.5,3.9,6.7
351,Devin Ebanks,LAL,3.0,19,195,-.019,-.086,-.4,-5.8,16.0,10.1,2.5
352,Derrick Williams,MIN,4.0,78,1915,.161,-.017,-.7,-3.6,23.4,10.8,1.2
353,Derrick Favors,UTH,4.2,77,1789,.317,.139,5.2,1.3,19.5,14.6,2.0
354,Deron Williams,BRK,1.2,78,2842,.245,.172,10.2,2.3,24.9,3.9,10.2
355,Derek Fisher,"DAL, OKC",1.6,33,574,.038,-.032,-.4,-4.1,14.6,3.1,3.9
356,DeShawn Stevenson,ATL,2.0,56,1158,.155,.088,2.1,-.4,11.8,5.1,2.2
357,DeSagana Diop,CHA,5.0,22,226,.208,.030,.1,-2.1,3.4,10.8,2.8
358,DeQuan Jones,ORL,3.0,63,803,.095,.028,.5,-2.2,13.9,6.3,1.0
359,DeMarre Carroll,UTH,3.0,66,1110,.278,.211,4.9,3.5,17.0,8.1,2.6
360,DeMarcus Cousins,SAC,5.0,75,2289,.258,.080,3.8,-.6,26.8,15.6,4.2
361,DeMar DeRozan,TOR,2.4,82,3011,.120,.052,3.3,-1.4,23.7,5.1,3.3
362,DeJuan Blair,SAS,4.0,61,854,.270,.093,1.7,-.2,18.4,12.9,2.5
363,DeAndre Liggins,OKC,2.0,39,290,.244,.177,1.1,2.4,9.6,8.8,2.5
364,DeAndre Jordan,LAC,5.0,82,2006,.399,.222,9.3,3.8,17.3,14.2,.7
365,David West,IND,4.0,73,2438,.317,.139,7.1,1.3,24.6,11.1,4.2
366,David Lee,GSW,4.0,79,2906,.318,.141,8.5,1.3,24.1,14.6,4.6
367,Darren Collison,DAL,1.0,81,2375,.239,.164,8.1,2.0,19.6,4.4,8.4
368,Darrell Arthur,MEM,4.0,59,971,.148,-.029,-.6,-4.0,17.9,8.4,1.6
369,Darko Milicic,BOS,5.0,1,5,-.872,-1.050,-.1,-35.7,0,9.6,0
370,Darius Morris,LAL,1.5,48,687,.061,-.010,-.1,-3.4,13.6,4.0,5.3
371,Darius Miller,NOR,3.0,52,692,.130,.063,.9,-1.1,8.2,5.4,3.1
372,Darius Johnson-Odom,LAL,2.0,4,6,-.334,-.402,-.1,-15.6,0,32.0,8.0
373,Dante Cunningham,MIN,3.0,80,2012,.221,.153,6.4,1.7,16.6,9.7,1.6
374,Danny Green,SAS,2.6,80,2192,.254,.187,8.5,2.7,18.4,5.3,3.1
375,Danny Granger,IND,3.0,5,75,-.151,-.219,-.3,-9.9,17.3,5.8,1.9
376,Danilo Gallinari,DEN,3.3,71,2311,.214,.114,5.5,.5,23.9,7.6,3.7
377,Daniel Orton,OKC,5.0,13,103,.294,.117,.3,.5,15.4,12.1,1.9
378,Daniel Gibson,CLE,1.0,46,923,.076,.001,.0,-3.1,13.0,3.1,4.3
379,Damion James,BRK,3.0,2,0,0,0,0,0,0,0,0
380,Damien Wilkins,PHI,2.0,61,1098,.161,.093,2.1,-.2,17.0,4.6,4.0
381,Damian Lillard,POR,1.0,82,3167,.161,.086,5.7,-.4,23.7,3.9,8.0
382,Dahntay Jones,"ATL, DAL",2.7,78,1015,.048,-.019,-.4,-3.7,12.4,4.8,2.2
383,Daequan Cook,"CHI, HOU",2.0,49,440,-.007,-.075,-.7,-5.4,14.9,6.7,2.1
384,DaJuan Summers,LAC,4.0,2,7,-.160,-.338,.0,-13.6,13.7,13.7,6.9
385,D.J. White,BOS,5.0,12,86,.281,.103,.2,.1,16.2,7.3,2.2
386,D.J. Augustin,IND,1.0,76,1225,.201,.126,3.2,.8,13.9,3.6,6.7
387,Courtney Lee,BOS,2.0,78,1943,.197,.130,5.3,1.0,15.1,4.7,3.5
388,Cory Joseph,SAS,1.0,28,383,.229,.154,1.2,1.7,15.8,6.5,6.6
389,Cory Higgins,CHA,2.0,6,32,-.088,-.155,-.1,-7.9,21.0,4.5,7.5
390,Corey Maggette,DET,3.0,18,256,-.021,-.089,-.5,-5.8,17.8,4.7,3.6
391,Corey Brewer,DEN,3.0,82,2010,.108,.041,1.7,-1.8,23.6,5.6,3.0
392,Cole Aldrich,"HOU, SAC",5.0,45,390,.281,.104,.8,.1,12.3,14.8,1.1
393,Chuck Hayes,SAC,5.0,74,1211,.301,.124,3.1,.8,7.8,11.9,4.4
394,Chris Wright,DAL,2.0,0,0,0,0,0,0,0,0,0
395,Chris Wright,DAL,2.0,3,5,-.329,-.397,.0,-15.4,19.2,0,0
396,Chris Wilcox,BOS,5.0,61,830,.386,.208,3.6,3.4,15.0,10.4,1.3
397,Chris Singleton,WAS,4.0,57,925,.137,-.041,-.8,-4.3,12.0,9.5,1.9
398,Chris Quinn,CLE,1.0,7,79,-.061,-.136,-.2,-7.3,6.1,1.2,5.5
399,Chris Paul,LAC,1.0,70,2335,.445,.370,18.0,8.4,24.4,5.4,13.9
400,Chris Kaman,DAL,5.0,66,1369,.185,.007,.2,-2.8,24.3,13.0,1.8
401,Chris Johnson,"MEM, MIN",5.0,30,284,.363,.185,1.1,2.7,19.8,10.1,1.4
402,Chris Johnson,"MEM, MIN",4.5,38,386,.331,.183,1.5,2.6,18.2,8.8,1.2
403,Chris Duhon,LAL,1.0,46,819,.174,.098,1.7,.0,7.8,4.0,7.8
404,Chris Douglas-Roberts,DAL,2.0,6,64,.088,.020,.0,-2.4,12.8,3.8,3.0
405,Chris Copeland,NYK,4.0,56,864,.157,-.020,-.4,-3.7,27.0,6.6,1.5
406,Chris Bosh,MIA,5.0,74,2459,.306,.128,6.6,.9,24.0,9.8,2.4
407,Chris Andersen,MIA,5.0,42,626,.407,.230,3.0,4.1,15.9,13.2,1.3
408,Chauncey Billups,LAC,2.0,22,418,.192,.125,1.1,.8,21.1,3.7,5.6
409,Chase Budinger,MIN,3.0,23,510,.136,.069,.7,-.9,20.3,6.7,2.4
410,Charlie Villanueva,DET,4.0,69,1094,.172,-.005,-.1,-3.2,20.5,10.6,2.4
411,Charles Jenkins,"GSW, PHI",1.7,59,439,.060,-.010,-.1,-3.4,12.1,3.5,4.8
412,Chandler Parsons,HOU,3.2,76,2757,.250,.155,8.9,1.7,20.5,7.0,4.7
413,Cartier Martin,WAS,2.3,41,692,.110,.043,.6,-1.7,18.7,6.9,1.4
414,Caron Butler,LAC,2.9,78,1879,.121,.054,2.1,-1.4,20.8,5.7,2.0
415,Carmelo Anthony,NYK,4.0,67,2482,.206,.028,1.5,-2.2,37.1,8.9,3.3
416,Carlos Delfino,HOU,3.0,67,1689,.185,.117,4.1,.6,20.1,6.3,3.8
417,Carlos Boozer,CHI,4.3,79,2551,.229,.052,2.7,-1.5,24.1,14.5,3.4
418,Carl Landry,GSW,4.8,81,1880,.323,.146,5.7,1.4,22.3,12.3,1.7
419,C.J. Watson,BRK,1.0,80,1525,.202,.127,4.0,.9,17.1,4.6,5.1
420,C.J. Miles,CLE,3.0,65,1363,.134,.067,1.9,-1.0,25.7,6.1,2.2
421,Byron Mullens,CHA,4.5,53,1429,.116,-.061,-1.8,-5.0,18.9,11.3,2.7
422,Brook Lopez,BRK,5.0,74,2254,.319,.141,6.6,1.3,30.6,10.9,1.5
423,Brian Roberts,NOR,1.0,78,1329,.111,.036,1.0,-2.0,20.0,3.5,7.9
424,Brendan Haywood,CHA,5.0,61,1165,.206,.029,.7,-2.2,8.9,11.9,1.2
425,Brandon Rush,GSW,3.0,2,26,.003,-.064,.0,-5.1,25.8,1.8,3.7
426,Brandon Roy,MIN,3.0,5,122,.065,-.002,.0,-3.1,11.4,5.5,9.0
427,Brandon Knight,DET,1.0,75,2364,.083,.008,.4,-2.8,20.3,5.0,6.2
428,Brandon Jennings,MIL,1.0,80,2897,.181,.106,6.4,.2,23.1,4.1,8.6
429,Brandon Bass,BOS,4.2,81,2240,.242,.065,3.0,-1.1,15.0,9.1,1.8
430,Brandan Wright,DAL,5.0,64,1149,.393,.215,5.2,3.6,22.6,10.9,1.6
431,Bradley Beal,WAS,2.0,56,1745,.153,.085,3.1,-.4,21.5,5.8,3.8
432,Boris Diaw,SAS,4.0,75,1708,.276,.098,3.5,.0,12.2,7.1,5.1
433,Blake Griffin,LAC,4.2,80,2596,.341,.163,8.8,2.0,26.6,12.2,5.5
434,Bismack Biyombo,CHA,5.0,80,2184,.261,.083,3.8,-.5,8.5,12.8,.8
435,Bernard James,DAL,5.0,46,457,.349,.172,1.6,2.3,13.8,13.8,.6
436,Beno Udrih,"MIL, ORL",1.0,66,1459,.180,.105,3.2,.2,17.7,4.6,10.0
437,Ben Hansbrough,IND,1.3,28,202,.076,.003,.0,-3.0,13.5,4.3,5.0
438,Ben Gordon,CHA,2.0,75,1562,-.019,-.087,-2.8,-5.8,25.8,4.0,4.4
439,Avery Bradley,BOS,1.0,50,1435,.063,-.012,-.4,-3.4,15.4,3.7,3.5
440,Austin Rivers,NOR,1.0,61,1416,-.012,-.087,-2.6,-5.8,12.8,3.7,4.3
441,Austin Daye,"DET, MEM",3.3,55,675,.217,.113,1.6,.4,17.6,8.7,3.0
442,Arron Afflalo,ORL,2.5,64,2307,.083,.015,.7,-2.6,22.0,5.0,4.3
443,Aron Baynes,SAS,5.0,16,142,.137,-.041,-.1,-4.3,14.5,10.8,1.7
444,Arnett Moultrie,PHI,4.0,47,544,.413,.236,2.7,4.2,15.4,12.8,.9
445,Anthony Tolliver,ATL,3.0,62,964,.167,.099,2.0,.0,12.6,7.7,1.6
446,Anthony Randolph,DEN,5.0,39,328,.250,.072,.5,-.8,20.9,13.9,1.8
447,Anthony Morrow,"ATL, DAL",2.8,41,384,.087,.019,.2,-2.5,20.5,3.8,1.6
448,Anthony Davis,NOR,4.4,64,1848,.376,.198,7.6,3.1,22.5,13.6,1.6
449,Antawn Jamison,LAL,3.9,76,1638,.254,.085,2.9,-.4,20.9,10.6,1.5
450,Andris Biedrins,GSW,5.0,53,495,.348,.171,1.8,2.2,2.3,14.8,1.4
451,Andrew Nicholson,ORL,4.0,75,1255,.173,-.005,-.1,-3.2,22.5,9.9,1.7
452,Andrew Goudelock,LAL,2.0,1,6,-.253,-.321,.0,-13.1,0,8.0,0
453,Andrew Bogut,GSW,5.0,32,785,.355,.178,2.9,2.4,11.4,15.0,4.1
454,Andrei Kirilenko,MIN,3.8,64,2037,.347,.195,8.3,3.0,18.6,8.5,4.2
455,Andrea Bargnani,TOR,5.0,35,1004,.055,-.123,-2.6,-6.9,21.2,6.1,1.8
456,Andre Miller,DEN,1.3,82,2155,.237,.164,7.4,2.0,17.5,5.3,10.8
457,Andre Iguodala,DEN,2.0,80,2784,.243,.176,10.2,2.4,17.9,7.3,7.5
458,Andre Drummond,DET,5.0,60,1244,.515,.337,8.7,7.4,18.4,17.6,1.2
459,Andray Blatche,BRK,5.0,82,1552,.324,.146,4.7,1.5,26.1,12.9,2.6
460,Anderson Varejao,CLE,5.0,25,901,.514,.337,6.3,7.4,18.8,19.2,4.5
461,Amir Johnson,TOR,4.0,81,2327,.377,.199,9.7,3.1,16.8,12.6,2.5
462,Amare Stoudemire,NYK,5.0,29,684,.309,.132,1.9,1.0,29.0,10.2,.9
463,Alonzo Gee,CLE,2.9,83,2570,.134,.067,3.6,-1.0,15.8,6.0,2.5
464,Alexey Shved,MIN,2.0,77,1839,.089,.021,.8,-2.4,17.4,4.6,7.5
465,Alec Burks,UTH,2.0,64,1136,.092,.024,.6,-2.3,19.1,6.1,3.9
466,Alan Anderson,TOR,3.0,65,1493,.081,.014,.4,-2.6,22.3,4.8,3.3
467,Al-Farouq Aminu,NOR,3.1,76,2067,.309,.232,10.0,4.1,12.9,13.6,2.4
468,Al Jefferson,UTH,5.0,78,2578,.284,.107,5.7,.2,25.9,13.4,3.1
469,Al Horford,ATL,4.9,74,2757,.345,.167,9.6,2.1,22.4,13.2,4.2
470,Al Harrington,ORL,5.0,10,118,.011,-.166,-.4,-8.2,20.7,11.0,4.1
471,Aaron Gray,TOR,5.0,42,517,.224,.046,.5,-1.6,11.0,12.3,3.1
472,Aaron Brooks,"HOU, SAC",1.0,53,999,.113,.038,.8,-1.9,18.1,3.8,5.5
473,A.J. Price,WAS,1.0,57,1276,.176,.101,2.7,.1,16.6,4.3,7.7
474,,,,,,,,,,,,
