,NAME,TM,POS,G,M,AJP48,WP48,WP,POP48,PTS,REB,AST
0,,,,,,,,,,,,
1,Zaza Pachulia,ATL,5.0,59,1640,.345,.170,5.8,2.2,13.3,13.4,2.3
2,Zach Randolph,MEM,4.0,29,735,.304,.129,2.0,.9,21.2,14.7,3.1
3,Yi Jianlian,DAL,5.0,37,203,.062,-.114,-.5,-6.6,18.7,11.6,1.2
4,Xavier Silas,PHI,2.0,2,39,-.234,-.310,-.2,-12.7,13.6,5.0,3.7
5,Xavier Henry,NOR,2.4,47,759,.076,.000,.0,-3.1,15.1,6.7,2.2
6,Wilson Chandler,DEN,3.0,8,215,.027,-.048,-.2,-4.6,16.8,9.2,3.8
7,Willie Green,ATL,2.0,55,922,.160,.084,1.6,-.5,21.0,4.2,2.1
8,Will Bynum,DET,1.0,38,514,-.016,-.106,-1.1,-6.4,19.1,5.2,6.2
9,Wesley Matthews,POR,2.5,66,2228,.172,.097,4.5,-.1,19.5,4.8,2.4
10,Wesley Johnson,MIN,2.5,65,1468,.100,.024,.7,-2.3,12.8,5.8,1.9
11,Wayne Ellington,MIN,2.0,54,973,.095,.020,.4,-2.5,15.3,4.8,1.6
12,Walker Russell,DET,1.5,31,357,.029,-.054,-.4,-4.8,11.3,3.5,7.8
13,Von Wafer,ORL,1.8,34,469,.079,.001,.0,-3.0,19.9,4.6,3.0
14,Vladimir Radmanovic,ATL,4.0,50,755,.237,.061,1.0,-1.2,14.0,9.1,3.4
15,Vince Carter,DAL,2.6,61,1542,.152,.076,2.4,-.7,19.1,6.4,4.3
16,Vernon Macklin,DET,4.0,24,135,.407,.232,.7,4.1,16.3,12.1,1.8
17,Udonis Haslem,MIA,4.0,64,1589,.274,.099,3.3,.0,11.6,14.2,1.3
18,Tyson Chandler,NYK,5.0,63,2061,.503,.328,14.1,7.1,16.3,14.3,1.3
19,Tyrus Thomas,CHA,4.5,58,1013,.055,-.120,-2.5,-6.8,14.4,9.5,1.7
20,Tyreke Evans,SAC,1.8,63,2162,.137,.059,2.7,-1.2,23.0,6.4,6.3
21,Tyler Honeycutt,SAC,3.0,23,88,.160,.084,.2,-.5,10.9,7.6,3.8
22,Tyler Hansbrough,IND,4.7,66,1442,.201,.026,.8,-2.3,20.5,9.7,1.0
23,Ty Lawson,DEN,1.0,62,2124,.269,.179,7.9,2.5,22.5,5.1,9.1
24,Troy Murphy,LAL,4.0,62,956,.229,.053,1.1,-1.4,9.4,9.6,2.6
25,Tristan Thompson,CLE,5.0,60,1424,.225,.050,1.5,-1.5,16.7,13.1,.9
26,Trey Thompkins,LAC,4.0,32,119,.012,-.164,-.4,-8.2,23.0,9.7,1.2
27,Trey Johnson,NOR,2.0,11,61,.188,.112,.1,.4,16.4,9.4,3.1
28,Trevor Booker,WAS,4.0,54,1261,.318,.143,3.8,1.4,15.9,12.4,1.5
29,Trevor Ariza,NOR,3.0,44,1350,.217,.141,4.0,1.3,15.8,7.6,4.8
30,Travis Outlaw,SAC,3.5,45,500,.041,-.084,-.9,-5.7,16.0,5.9,1.5
31,Travis Leslie,LAC,3.0,10,45,.209,.133,.1,1.1,14.8,9.5,5.3
32,Tracy McGrady,ATL,2.0,57,837,.232,.156,2.7,1.8,15.7,8.8,6.3
33,Tony Parker,SAS,1.0,61,1923,.222,.132,5.3,1.0,27.3,4.3,11.6
34,Tony Battie,PHI,5.0,34,295,.215,.040,.2,-1.8,6.8,10.9,2.6
35,Tony Allen,MEM,2.5,60,1525,.264,.188,6.0,2.8,17.9,7.3,2.5
36,Toney Douglas,NYK,1.5,44,656,-.063,-.146,-2.0,-7.6,17.3,5.3,5.6
37,Tobias Harris,MIL,4.0,45,479,.186,.011,.1,-2.7,20.8,10.1,2.2
38,Timofey Mozgov,DEN,5.0,50,687,.235,.060,.9,-1.2,16.7,12.5,1.5
39,Tim Duncan,SAS,4.7,59,1634,.334,.159,5.4,1.9,26.3,15.3,3.9
40,Tiago Splitter,SAS,5.0,60,1121,.375,.200,4.7,3.1,23.5,13.1,2.8
41,Thaddeus Young,PHI,4.0,65,1755,.285,.110,4.0,.3,22.1,8.9,2.0
42,Thabo Sefolosha,OKC,2.5,42,914,.225,.149,2.8,1.6,10.7,6.7,2.4
43,Terrence Williams,"HOU, SAC",2.8,32,550,.141,.065,.7,-1.1,18.6,8.9,5.7
44,Terrel Harris,MIA,2.0,24,318,.074,-.001,.0,-3.1,12.1,7.7,3.9
45,Tayshaun Prince,DET,3.2,64,2087,.128,.028,1.2,-2.2,18.4,6.5,3.5
46,Taj Gibson,CHI,4.0,63,1284,.328,.153,4.1,1.7,18.1,12.4,1.8
47,T.J. Ford,SAS,1.0,14,191,.130,.040,.2,-1.8,12.8,4.5,11.3
48,Sundiata Gaines,BRK,1.7,57,793,.172,.092,1.5,-.2,17.6,6.5,7.6
49,Steve Novak,NYK,3.4,55,1020,.293,.180,3.8,2.5,22.4,4.9,.6
50,Steve Nash,PHO,1.0,62,1961,.347,.257,10.5,4.9,18.9,4.5,16.3
51,Steve Blake,LAL,1.0,53,1237,.121,.031,.8,-2.1,10.7,3.3,6.8
52,Stephen Jackson,"MIL, SAS",2.7,53,1212,.073,-.002,-.1,-3.2,18.3,6.5,4.7
53,Stephen Curry,GSW,1.0,26,732,.270,.180,2.8,2.5,25.1,5.8,9.1
54,Spencer Hawes,PHI,5.0,38,920,.332,.157,3.0,1.8,18.5,14.1,5.1
55,Solomon Jones,"LAC, NOR",4.5,21,292,.178,.002,.0,-3.0,11.0,9.5,1.5
56,Solomon Alabi,TOR,5.0,19,122,.349,.173,.4,2.3,13.0,18.5,1.2
57,Shelvin Mack,WAS,1.0,65,779,.148,.058,.9,-1.3,14.2,5.7,8.1
58,Shelden Williams,BRK,4.8,61,1276,.320,.145,3.8,1.4,10.1,13.2,1.3
59,Shawne Williams,BRK,3.9,25,514,.011,-.157,-1.7,-8.0,10.5,6.3,1.5
60,Shawn Marion,DAL,3.2,63,1919,.264,.170,6.8,2.2,16.8,11.6,3.3
61,Shaun Livingston,MIL,2.0,59,1092,.175,.099,2.3,.0,14.0,5.4,5.4
62,Shannon Brown,PHO,2.1,60,1400,.091,.015,.4,-2.6,22.3,5.3,2.3
63,Shane Battier,MIA,2.5,65,1499,.229,.153,4.8,1.7,10.0,5.0,2.6
64,Serge Ibaka,OKC,4.0,66,1792,.415,.240,9.0,4.4,16.2,13.3,.8
65,Semih Erden,CLE,5.0,32,333,.167,-.008,-.1,-3.3,14.3,10.4,1.3
66,Sebastian Telfair,PHO,1.0,60,895,.077,-.013,-.2,-3.5,19.7,4.9,7.4
67,Sean Williams,"BOS, DAL",4.8,11,107,.414,.239,.5,4.4,17.9,11.2,2.2
68,Sasha Pavlovic,BOS,3.0,46,527,.126,.050,.6,-1.5,10.9,6.6,1.6
69,Samuel Dalembert,HOU,5.0,65,1446,.373,.198,6.0,3.1,16.3,15.1,1.1
70,Samardo Samuels,CLE,4.4,54,825,.147,-.029,-.5,-4.0,17.0,10.5,1.2
71,Sam Young,"MEM, PHI",2.7,37,375,.110,.035,.3,-2.0,14.6,7.9,1.9
72,Ryan Reid,OKC,4.0,6,17,.317,.142,.0,1.3,23.0,5.8,0
73,Ryan Hollins,"BOS, CLE",5.0,42,522,.126,-.050,-.5,-4.6,12.0,7.5,.8
74,Ryan Gomes,LAC,3.4,42,425,.060,-.051,-.4,-4.7,8.4,6.9,1.4
75,Ryan Anderson,ORL,4.2,62,1964,.380,.205,8.4,3.3,24.0,11.5,1.3
76,Russell Westbrook,OKC,1.0,66,2331,.189,.099,4.8,.0,32.1,6.2,7.5
77,Rudy Gay,MEM,3.2,65,2422,.201,.106,5.4,.2,24.4,8.3,2.9
78,Rudy Fernandez,DEN,2.5,32,710,.161,.086,1.3,-.4,18.1,4.4,5.1
79,Royal Ivey,OKC,2.0,39,354,.053,-.023,-.2,-3.8,9.6,3.3,1.4
80,Roy Hibbert,IND,5.0,65,1937,.354,.179,7.2,2.5,20.7,14.2,2.7
81,Ronny Turiaf,"MIA, WAS",4.6,17,279,.372,.197,1.1,3.0,8.8,12.0,1.7
82,Ronnie Price,PHO,1.4,41,517,.080,-.004,.0,-3.2,12.2,5.2,6.2
83,Ronnie Brewer,CHI,2.0,66,1635,.233,.158,5.4,1.8,13.4,6.8,4.0
84,Ron Artest,LAL,3.1,65,1720,.162,.079,2.8,-.6,13.8,6.1,3.9
85,Roger Mason,WAS,2.0,53,697,.114,.038,.6,-1.9,19.7,4.8,3.2
86,Rodrigue Beaubois,DAL,1.5,54,1151,.165,.082,2.0,-.5,19.7,6.3,6.3
87,Rodney Stuckey,DET,1.1,58,1643,.173,.085,2.9,-.4,23.7,4.1,6.1
88,Robin Lopez,PHO,5.0,64,895,.237,.062,1.2,-1.2,18.7,11.2,1.1
89,Ricky Rubio,MIN,1.0,41,1404,.218,.128,3.8,.9,14.9,5.8,11.5
90,Richard Jefferson,"GSW, SAS",3.4,63,1748,.164,.048,1.7,-1.6,15.9,6.0,2.4
91,Richard Hamilton,CHI,2.4,30,697,.062,-.014,-.2,-3.5,22.5,4.5,5.8
92,Renaldo Balkman,NYK,3.5,15,115,.288,.163,.4,2.0,17.5,10.8,2.1
93,Reggie Williams,CHA,2.0,35,747,.136,.061,.9,-1.2,17.6,6.0,3.9
94,Reggie Jackson,OKC,1.4,47,501,.058,-.027,-.3,-3.9,13.4,5.1,6.8
95,Reggie Evans,LAC,4.0,59,771,.344,.169,2.7,2.2,6.5,16.9,1.1
96,Raymond Felton,POR,1.2,63,1906,.132,.044,1.8,-1.7,17.2,3.8,9.8
97,Ray Allen,BOS,2.0,49,1565,.241,.165,5.4,2.0,20.1,4.4,3.3
98,Rasual Butler,TOR,2.2,35,453,.026,-.050,-.5,-4.6,11.7,7.0,2.0
99,Rashard Lewis,WAS,3.6,29,729,.110,-.027,-.4,-3.9,14.3,7.2,1.8
100,Randy Foye,LAC,2.0,65,1682,.115,.039,1.4,-1.9,20.3,3.9,4.2
101,Ramon Sessions,"CLE, LAL",1.5,64,1707,.197,.114,4.1,.5,20.3,6.0,10.0
102,Rajon Rondo,BOS,1.0,55,1957,.298,.208,8.5,3.4,15.4,6.3,15.2
103,Raja Bell,UTH,2.0,39,796,.113,.037,.6,-1.9,13.1,3.0,2.3
104,Quincy Pondexter,MEM,2.3,64,1002,.172,.096,2.0,-.1,13.0,6.0,1.3
105,Quentin Richardson,ORL,2.5,50,866,.161,.085,1.5,-.4,11.9,6.8,2.1
106,Paul Pierce,BOS,3.2,61,2075,.233,.142,6.1,1.3,27.3,7.3,6.3
107,Paul Millsap,UTH,4.0,65,2099,.337,.162,7.1,1.9,24.3,12.9,3.4
108,Paul George,IND,2.5,66,1958,.276,.200,8.2,3.1,19.6,9.1,3.9
109,Pau Gasol,LAL,4.5,66,2430,.335,.159,8.1,1.9,22.3,13.4,4.7
110,Patrick Patterson,HOU,4.5,64,1483,.152,-.023,-.7,-3.8,15.9,9.2,1.7
111,Patrick Mills,SAS,1.0,18,261,.216,.126,.7,.8,30.4,5.2,7.2
112,Omri Casspi,CLE,3.1,65,1341,.146,.057,1.6,-1.3,16.4,8.2,2.4
113,Omer Asik,CHI,5.0,66,971,.417,.241,4.9,4.4,10.1,17.3,1.6
114,O.J. Mayo,MEM,1.9,66,1771,.126,.049,1.8,-1.5,22.6,5.7,4.6
115,Norris Cole,MIA,1.0,66,1260,-.021,-.111,-2.9,-6.5,16.8,3.5,5.1
116,Nolan Smith,POR,1.0,44,541,-.001,-.091,-1.0,-5.9,14.8,5.0,5.5
117,Nikola Vucevic,PHI,4.9,53,812,.250,.074,1.3,-.8,16.7,14.5,1.8
118,Nikola Pekovic,MIN,5.0,48,1264,.391,.216,5.7,3.6,24.7,13.1,1.2
119,Nicolas Batum,POR,2.6,62,1791,.250,.174,6.5,2.3,21.9,7.3,2.3
120,Nick Young,"LAC, WAS",2.7,62,1729,.022,-.053,-1.9,-4.7,24.4,3.7,1.6
121,Nick Collison,OKC,4.5,63,1307,.316,.141,3.8,1.3,10.4,10.1,3.0
122,Nene Hilario,"DEN, WAS",4.6,41,1110,.285,.110,2.5,.3,23.1,12.6,3.5
123,Nazr Mohammed,OKC,5.0,64,692,.233,.058,.8,-1.3,11.9,11.8,1.0
124,Nate Robinson,GSW,1.3,53,1192,.165,.080,2.0,-.6,22.9,4.0,9.3
125,Mychel Thompson,CLE,4.0,5,95,-.069,-.245,-.5,-10.7,9.1,2.5,3.5
126,Morris Almond,WAS,2.5,5,67,.144,.069,.1,-.9,10.1,5.8,1.4
127,Monta Ellis,"GSW, MIL",1.7,59,2120,.084,.003,.1,-3.0,26.7,4.5,7.8
128,Mo Williams,LAC,1.5,55,1472,.111,.028,.9,-2.2,22.3,3.2,5.2
129,Mikki Moore,GSW,4.7,7,118,.094,-.081,-.2,-5.6,9.8,9.0,2.0
130,Mike Miller,MIA,2.5,39,752,.222,.147,2.3,1.5,15.1,8.1,2.7
131,Mike James,CHI,1.0,20,120,.057,-.033,-.1,-4.1,21.2,4.0,11.6
132,Mike Dunleavy,MIL,2.5,55,1445,.245,.170,5.1,2.2,22.5,6.8,3.9
133,Mike Conley,MEM,1.0,62,2174,.259,.169,7.7,2.2,17.4,3.4,8.9
134,Mike Bibby,NYK,1.0,46,557,.153,.063,.7,-1.1,8.9,5.1,6.9
135,Mickell Gladness,"GSW, MIA",4.5,29,252,.179,.004,.0,-3.0,10.7,11.0,1.0
136,Mickael Pietrus,BOS,2.7,43,921,.135,.059,1.1,-1.2,15.1,6.8,1.3
137,Michael Redd,PHO,2.5,51,770,.036,-.040,-.6,-4.3,26.1,4.8,2.1
138,Michael Beasley,MIN,3.6,50,1087,.068,-.070,-1.6,-5.2,23.9,9.1,2.0
139,Mehmet Okur,BRK,5.0,19,454,.089,-.086,-.8,-5.8,13.8,8.6,3.2
140,Maurice Evans,WAS,2.5,30,343,.055,-.021,-.1,-3.7,16.4,3.4,1.3
141,Matt Carroll,CHA,2.5,56,596,-.002,-.078,-1.0,-5.5,11.4,4.7,3.1
142,Matt Bonner,SAS,4.0,65,1326,.270,.094,2.6,-.1,15.5,7.7,2.2
143,Matt Barnes,LAL,3.0,63,1440,.300,.224,6.7,3.9,16.4,11.5,4.2
144,Marvin Williams,ATL,3.0,58,1500,.284,.204,6.4,3.3,18.5,9.4,2.3
145,Martell Webster,MIN,2.8,48,1140,.179,.103,2.4,.1,13.6,7.1,1.7
146,Marreese Speights,MEM,4.5,60,1345,.215,.040,1.1,-1.8,18.8,13.3,1.7
147,Marquis Daniels,BOS,2.5,45,484,.095,.020,.2,-2.5,12.0,6.6,4.7
148,Markieff Morris,PHO,4.0,63,1227,.129,-.047,-1.2,-4.5,18.3,10.9,2.5
149,Mario Chalmers,MIA,1.0,64,1825,.200,.110,4.2,.3,16.5,4.5,5.8
150,Marcus Thornton,SAC,2.2,56,1780,.153,.077,2.8,-.7,25.7,5.1,2.6
151,Marcus Morris,HOU,4.0,23,126,-.149,-.324,-.8,-13.2,15.3,6.1,1.1
152,Marcus Camby,"HOU, POR",5.0,59,1352,.457,.282,7.9,5.7,10.2,18.8,3.8
153,Marco Belinelli,NOR,2.0,66,1966,.105,.029,1.2,-2.2,19.0,4.2,2.5
154,Marcin Gortat,PHO,5.0,66,2114,.383,.207,9.1,3.4,23.1,15.0,1.3
155,Marc Gasol,MEM,5.0,65,2370,.324,.149,7.3,1.5,19.3,11.7,4.1
156,MarShon Brooks,BRK,2.5,58,1648,.083,.007,.2,-2.9,20.6,5.8,3.8
157,Manu Ginobili,SAS,2.5,34,792,.386,.311,5.1,6.6,26.7,7.0,9.1
158,Manny Harris,CLE,2.0,28,456,.111,.036,.3,-2.0,18.2,7.4,3.3
159,Malcolm Thomas,SAS,4.0,4,15,.174,-.001,.0,-3.1,3.2,9.5,3.2
160,Malcolm Lee,MIN,2.0,23,243,.114,.038,.2,-1.9,12.2,5.1,6.1
161,Luol Deng,CHI,3.0,56,2129,.205,.125,5.5,.8,18.7,7.9,3.5
162,Luke Walton,"CLE, LAL",3.0,34,364,.042,-.033,-.3,-4.1,7.3,6.5,4.6
163,Luke Ridnour,MIN,1.6,53,1750,.166,.084,3.1,-.5,17.5,3.9,6.9
164,Luke Harangody,CLE,4.0,21,231,.200,.025,.1,-2.3,12.5,11.0,1.2
165,Luke Babbitt,POR,3.0,40,537,.155,.079,.9,-.6,18.1,8.5,1.4
166,Luis Scola,HOU,4.1,66,2067,.137,-.038,-1.6,-4.3,23.8,9.9,3.3
167,Luc Richard Mbah a Moute,MIL,4.0,45,1009,.279,.104,2.2,.2,15.8,10.8,1.4
168,Louis Williams,PHI,1.4,56,1453,.167,.082,2.5,-.5,28.0,4.3,6.5
169,Louis Amundson,IND,4.0,60,753,.236,.060,.9,-1.2,13.6,14.2,.9
170,Linas Kleiza,TOR,3.0,50,1057,.118,.042,.9,-1.8,21.5,9.0,2.1
171,Lester Hudson,"CLE, MEM",1.5,16,334,.022,-.061,-.4,-5.0,25.0,6.6,5.2
172,Leandro Barbosa,"IND, TOR",1.5,65,1382,.059,-.024,-.7,-3.8,24.6,4.4,3.3
173,LeBron James,MIA,3.3,63,2326,.440,.336,16.3,7.4,34.7,10.2,8.0
174,Lazar Hayward,OKC,3.0,30,141,-.067,-.143,-.4,-7.5,12.6,5.5,1.4
175,Lavoy Allen,PHI,4.5,45,624,.281,.106,1.4,.2,13.0,13.2,2.6
176,Larry Sanders,MIL,5.0,53,643,.228,.053,.7,-1.4,13.9,12.0,2.5
177,Larry Owens,BRK,3.0,7,75,.129,.053,.1,-1.4,8.3,8.3,2.6
178,Larry Hughes,ORL,2.5,9,114,-.208,-.284,-.7,-11.9,5.1,2.1,3.0
179,Landry Fields,NYK,2.5,66,1894,.224,.148,5.9,1.5,14.7,7.0,4.3
180,Lance Thomas,NOR,3.9,43,629,.204,.039,.5,-1.9,12.7,9.6,.9
181,Lance Stephenson,IND,2.0,46,442,.062,-.014,-.1,-3.5,11.5,5.8,5.0
182,Lamar Odom,DAL,3.5,51,1027,.070,-.055,-1.2,-4.8,15.5,9.7,3.9
183,LaMarcus Aldridge,POR,4.5,58,1994,.277,.102,4.2,.1,28.7,10.6,3.2
184,Kyrylo Fesenko,IND,5.0,5,17,.738,.563,.2,14.4,22.6,25.5,2.8
185,Kyrie Irving,CLE,1.0,55,1558,.206,.116,3.8,.5,29.1,5.9,8.5
186,Kyle Lowry,HOU,1.0,48,1510,.276,.186,5.8,2.7,21.3,6.8,9.9
187,Kyle Korver,CHI,2.5,65,1469,.246,.170,5.2,2.2,17.3,5.2,3.7
188,Kwame Brown,GSW,5.0,9,187,.229,.053,.2,-1.4,14.6,14.6,1.0
189,Kurt Thomas,POR,4.4,59,803,.215,.040,.7,-1.8,9.6,11.2,2.8
190,Kris Humphries,BRK,4.0,62,2162,.332,.157,7.1,1.8,19.0,15.1,2.0
191,Kosta Koufos,DEN,4.7,49,792,.423,.247,4.1,4.6,15.9,15.6,.9
192,Kobe Bryant,LAL,2.0,61,2232,.101,.026,1.2,-2.3,34.7,6.7,5.7
193,Klay Thompson,GSW,2.7,66,1608,.075,-.001,.0,-3.1,24.7,4.8,4.0
194,Kirk Hinrich,ATL,1.7,48,1237,.140,.060,1.5,-1.2,12.3,3.9,5.1
195,Keyon Dooling,BOS,1.5,47,662,.076,-.006,-.1,-3.3,13.2,2.8,3.7
196,Kevin Seraphin,WAS,4.9,58,1176,.266,.091,2.2,-.3,18.5,11.4,1.3
197,Kevin Martin,HOU,2.0,50,1264,.131,.055,1.5,-1.4,25.9,4.0,4.2
198,Kevin Love,MIN,4.5,57,2145,.379,.204,9.1,3.3,32.0,16.4,2.5
199,Kevin Garnett,BOS,4.5,60,1864,.320,.145,5.6,1.4,24.4,12.7,4.5
200,Kevin Durant,OKC,3.3,66,2546,.308,.206,10.9,3.3,34.9,9.9,4.4
201,Kenyon Martin,LAC,4.1,43,940,.191,.016,.3,-2.6,11.1,9.2,.9
202,Kenneth Faried,DEN,4.0,46,1037,.469,.294,6.4,6.1,21.8,16.3,1.7
203,Kendrick Perkins,OKC,5.0,65,1744,.231,.056,2.0,-1.4,9.1,11.7,2.1
204,Kemba Walker,CHA,1.0,66,1792,.098,.008,.3,-2.8,21.4,6.3,7.7
205,Kelenna Azubuike,DAL,3.0,5,18,-.405,-.481,-.2,-18.0,18.8,0,0
206,Keith Bogans,BRK,2.0,5,94,.024,-.052,-.1,-4.7,10.8,5.6,1.5
207,Keith Benson,GSW,5.0,4,9,.325,.149,.0,1.6,0,15.8,0
208,Kawhi Leonard,SAS,2.5,64,1534,.365,.290,9.3,5.9,15.9,10.2,2.2
209,Juwan Howard,MIA,4.0,35,190,.017,-.158,-.6,-8.0,10.6,11.9,2.5
210,Justin Harper,ORL,4.0,18,84,-.121,-.296,-.5,-12.3,11.5,6.9,1.1
211,Justin Dentmon,"TOR, SAS",1.0,9,91,-.062,-.152,-.3,-7.8,13.8,4.2,5.3
212,Julyan Stone,DEN,2.8,27,179,.263,.187,.7,2.7,9.6,6.7,9.9
213,Jrue Holiday,PHI,1.0,65,2196,.166,.076,3.5,-.7,19.2,4.6,6.3
214,Josh Smith,ATL,4.0,66,2329,.268,.092,4.5,-.2,25.5,13.0,5.3
215,Josh Selby,MEM,1.0,33,237,-.105,-.195,-1.0,-9.1,12.8,3.0,6.1
216,Josh McRoberts,LAL,4.0,50,718,.289,.113,1.7,.4,9.2,11.4,3.4
217,Josh Howard,UTH,2.5,46,991,.058,-.018,-.4,-3.6,18.0,7.7,2.4
218,Josh Harrellson,NYK,4.5,41,540,.341,.165,1.9,2.1,14.4,12.8,1.0
219,Josh Davis,MEM,4.0,15,130,.284,.109,.3,.3,10.3,9.9,2.2
220,Josh Childress,PHO,2.5,37,491,.273,.197,2.0,3.1,9.8,9.3,3.3
221,Jose Calderon,TOR,1.0,55,1799,.295,.205,7.7,3.3,14.8,4.3,12.5
222,Jordan Williams,BRK,5.0,45,635,.306,.131,1.7,1.0,14.9,11.8,.8
223,Jordan Hill,"HOU, LAL",4.4,43,551,.332,.157,1.8,1.8,16.9,16.2,1.4
224,Jordan Hamilton,DEN,3.0,30,258,.156,.080,.4,-.6,21.4,11.5,3.7
225,Jordan Farmar,BRK,1.0,43,831,.175,.085,1.5,-.4,23.5,3.5,7.5
226,Jordan Crawford,WAS,2.0,65,1753,.027,-.049,-1.8,-4.6,25.7,4.6,5.2
227,Jonny Flynn,"HOU, POR",1.0,34,416,.072,-.018,-.2,-3.6,15.1,4.5,11.1
228,Jonas Jerebko,DET,3.5,65,1468,.231,.105,3.2,.2,18.2,10.1,1.4
229,Jon Leuer,MIL,4.7,48,555,.246,.071,.8,-.9,18.9,10.4,2.2
230,Jon Brockman,MIL,4.5,40,239,.199,.023,.1,-2.4,7.4,15.1,1.8
231,John Wall,WAS,1.0,66,2386,.188,.098,4.9,.0,21.6,6.0,10.7
232,John Salmons,SAC,3.0,46,1250,.092,.016,.4,-2.6,13.2,5.1,3.6
233,John Lucas,CHI,1.0,55,726,.126,.036,.5,-2.0,24.4,5.0,7.1
234,Johan Petro,BRK,5.0,60,920,.160,-.015,-.3,-3.6,13.0,11.7,2.3
235,Joel Przybilla,POR,5.0,28,449,.232,.057,.5,-1.3,5.9,14.8,.6
236,Joel Anthony,MIA,4.5,64,1349,.325,.149,4.2,1.6,7.8,8.9,.3
237,Joe Johnson,ATL,2.8,60,2127,.204,.128,5.7,.9,25.5,5.0,5.2
238,Jodie Meeks,PHI,2.0,66,1644,.180,.105,3.6,.2,16.2,4.7,1.6
239,Joakim Noah,CHI,4.6,64,1945,.474,.298,12.1,6.2,16.1,15.5,3.9
240,Jimmy Butler,CHI,2.5,47,359,.253,.178,1.3,2.4,14.6,7.5,1.9
241,Jimmer Fredette,SAC,1.0,61,1135,.022,-.068,-1.6,-5.2,19.5,3.1,4.6
242,Jerryd Bayless,TOR,1.5,34,705,.181,.098,1.4,.0,24.0,4.5,8.0
243,Jerry Stackhouse,ATL,2.5,35,273,.095,.019,.1,-2.5,19.0,4.0,2.5
244,Jerry Smith,BRK,2.0,6,46,.095,.019,.0,-2.5,7.3,7.3,4.2
245,Jerome Jordan,NYK,5.0,26,108,.387,.212,.5,3.5,18.7,12.0,1.8
246,Jerome Dyson,NOR,1.0,9,180,.077,-.013,.0,-3.5,17.8,5.1,4.8
247,Jermaine O'Neal,BOS,5.0,25,570,.238,.063,.7,-1.1,10.5,11.4,.8
248,Jeremy Tyler,GSW,5.0,45,568,.069,-.107,-1.3,-6.4,17.3,11.8,1.4
249,Jeremy Pargo,MEM,1.0,48,424,-.105,-.195,-1.7,-9.1,14.3,4.2,6.2
250,Jeremy Lin,NYK,1.0,36,940,.217,.127,2.5,.9,26.1,5.5,11.0
251,Jeremy Evans,UTH,3.0,37,217,.477,.402,1.8,9.4,13.7,11.1,2.9
252,Jeff Teague,ATL,1.0,66,2183,.225,.135,6.2,1.1,18.3,3.5,7.1
253,Jeff Pendergraph,IND,4.5,25,106,.257,.082,.2,-.5,15.4,14.9,1.8
254,Jeff Foster,IND,5.0,13,141,.369,.194,.6,2.9,8.5,14.3,1.4
255,Jeff Foote,NOR,5.0,4,39,-.020,-.196,-.2,-9.2,4.9,7.4,0
256,Jeff Adrien,HOU,3.0,8,63,.214,.138,.2,1.2,16.1,16.8,.8
257,Jason Thompson,SAC,4.5,64,1657,.325,.149,5.2,1.6,16.9,12.8,2.3
258,Jason Terry,DAL,1.5,64,2000,.155,.072,3.0,-.8,22.8,3.6,5.4
259,Jason Smith,NOR,4.5,43,947,.239,.063,1.3,-1.1,20.1,9.9,1.7
260,Jason Richardson,ORL,2.7,55,1591,.149,.074,2.4,-.8,19.0,5.9,3.2
261,Jason Maxiell,DET,4.0,65,1466,.224,.048,1.5,-1.6,13.9,10.9,1.3
262,Jason Kidd,DAL,1.0,48,1379,.294,.204,5.9,3.3,10.4,6.9,9.2
263,Jason Kapono,LAL,2.0,28,269,.032,-.043,-.2,-4.4,9.6,2.5,2.0
264,Jason Collins,ATL,5.0,34,308,.120,-.056,-.4,-4.8,6.1,7.5,1.6
265,Jarrett Jack,NOR,1.0,47,1530,.192,.102,3.2,.1,22.0,5.5,8.9
266,Jared Jeffries,NYK,4.0,41,729,.276,.100,1.5,.0,11.2,10.0,1.7
267,Jared Dudley,PHO,2.5,65,2020,.244,.168,7.1,2.2,19.6,7.2,2.7
268,Jannero Pargo,ATL,1.0,50,671,.135,.045,.6,-1.7,20.2,5.2,6.9
269,Jan Vesely,WAS,4.0,59,1078,.262,.087,2.0,-.4,11.9,11.1,2.1
270,James Singleton,WAS,3.5,12,262,.439,.314,1.7,6.7,17.9,14.8,2.7
271,James Jones,MIA,2.5,56,666,.182,.106,1.5,.2,13.3,3.5,1.4
272,James Johnson,TOR,3.6,63,1561,.213,.076,2.5,-.7,17.4,9.0,3.8
273,James Harden,OKC,2.4,62,1946,.317,.241,9.8,4.4,25.8,6.2,5.6
274,James Anderson,SAS,2.5,55,603,.083,.008,.1,-2.8,15.1,6.3,3.3
275,Jameer Nelson,ORL,1.0,58,1706,.158,.068,2.4,-1.0,19.0,5.1,9.1
276,Jamario Moon,CHA,3.0,8,123,.053,-.023,-.1,-3.8,7.0,8.6,1.9
277,Jamal Crawford,POR,1.5,64,1613,.075,-.008,-.3,-3.3,24.9,3.5,5.7
278,Jamaal Tinsley,UTH,1.2,42,507,.101,.013,.1,-2.7,13.0,4.3,11.6
279,Jamaal Magloire,TOR,5.0,41,374,.143,-.032,-.2,-4.1,5.3,14.5,.8
280,JaVale McGee,"DEN, WAS",5.0,61,1535,.362,.186,6.0,2.7,21.6,14.9,1.0
281,JaJuan Johnson,BOS,4.0,42,298,.126,-.050,-.3,-4.6,18.4,9.3,1.0
282,J.R. Smith,NYK,2.5,35,967,.191,.115,2.3,.5,21.6,6.7,4.2
283,J.J. Redick,ORL,2.0,66,1765,.190,.114,4.2,.5,20.4,4.1,4.5
284,J.J. Hickson,"POR, SAC",4.5,54,1244,.259,.083,2.2,-.5,17.4,12.9,1.7
285,J.J. Barea,MIN,1.0,43,1032,.115,.025,.5,-2.3,21.5,5.3,10.8
286,Ivan Johnson,ATL,4.9,57,934,.252,.077,1.5,-.7,18.3,11.6,1.6
287,Ishmael Smith,"GSW, ORL",1.0,29,234,.173,.083,.4,-.5,14.8,7.2,8.4
288,Isaiah Thomas,SAC,1.0,65,1656,.227,.137,4.7,1.2,21.7,4.9,7.7
289,Iman Shumpert,NYK,1.5,59,1705,.136,.054,1.9,-1.4,15.8,5.2,4.6
290,Ike Diogu,SAS,4.5,2,14,-.147,-.322,-.1,-13.1,6.8,3.4,0
291,Ian Mahinmi,DAL,5.0,62,1139,.294,.119,2.8,.6,14.9,12.2,.5
292,Hedo Turkoglu,ORL,3.2,53,1653,.133,.035,1.2,-2.0,16.7,5.8,6.8
293,Hassan Whiteside,SAC,5.0,24,109,.407,.231,.5,4.1,12.8,17.2,0
294,Hasheem Thabeet,"HOU, POR",5.0,26,139,.332,.157,.5,1.8,12.1,14.5,0
295,Hamed Haddadi,MEM,5.0,37,206,.362,.186,.8,2.7,16.3,16.5,1.9
296,Hamady Ndiaye,WAS,5.0,4,3,-.514,-.689,.0,-24.5,0,0,0
297,Hakim Warrick,PHO,3.9,40,503,.105,-.056,-.6,-4.8,21.5,8.8,2.9
298,Gustavo Ayon,NOR,4.5,57,1088,.363,.188,4.3,2.8,14.1,11.7,3.3
299,Greivis Vasquez,NOR,1.2,66,1705,.164,.078,2.8,-.7,16.6,4.9,10.1
300,Greg Stiemsma,BOS,5.0,56,766,.373,.197,3.2,3.1,10.1,11.1,1.8
301,Greg Smith,HOU,5.0,10,69,.350,.175,.3,2.4,9.7,13.9,.7
302,Greg Monroe,DET,5.0,66,2082,.387,.211,9.2,3.5,23.4,14.7,3.5
303,Grant Hill,PHO,3.0,53,1378,.129,.054,1.5,-1.4,17.4,6.0,3.7
304,Gordon Hayward,UTH,2.8,66,2015,.231,.155,6.5,1.8,18.6,5.5,4.9
305,Goran Dragic,HOU,1.2,66,1752,.242,.154,5.6,1.7,21.2,4.6,9.6
306,Glen Davis,ORL,4.5,61,1427,.154,-.021,-.6,-3.7,19.0,11.1,1.6
307,Gilbert Arenas,MEM,1.0,18,211,.086,-.004,.0,-3.2,16.4,4.1,4.1
308,Gerald Wallace,"BRK, POR",3.6,58,2076,.254,.118,5.1,.6,18.5,8.9,3.8
309,Gerald Henderson,CHA,2.1,56,1831,.094,.019,.7,-2.5,21.8,5.9,3.3
310,Gerald Green,BRK,2.6,31,781,.136,.061,1.0,-1.2,24.6,6.6,2.1
311,George Hill,IND,1.5,51,1274,.256,.174,4.6,2.3,18.1,5.7,5.5
312,Gary Neal,SAS,1.6,57,1206,.123,.041,1.0,-1.8,22.2,4.7,4.7
313,Gary Forbes,TOR,2.5,50,713,.119,.043,.6,-1.7,21.5,6.9,3.6
314,Francisco Garcia,SAC,3.0,50,798,.135,.060,1.0,-1.2,14.1,6.0,1.9
315,Francisco Elson,PHI,4.5,5,16,.129,-.046,.0,-4.5,5.8,2.9,2.9
316,Evan Turner,PHI,3.0,65,1713,.165,.089,3.2,-.3,17.1,10.5,5.0
317,Ersan Ilyasova,MIL,4.0,61,1655,.398,.222,7.7,3.8,22.7,15.3,2.1
318,Erick Dampier,ATL,5.0,20,83,.280,.104,.2,.2,1.2,14.4,2.3
319,Eric Maynor,OKC,1.0,9,137,.071,-.019,-.1,-3.7,13.3,4.6,7.7
320,Eric Gordon,NOR,2.0,13,310,.119,.043,.3,-1.7,28.6,3.9,4.8
321,Eric Dawson,SAS,4.0,4,39,.269,.094,.1,-.2,18.4,12.2,0
322,Eric Bledsoe,LAC,1.5,40,464,.127,.044,.4,-1.7,13.7,6.7,6.8
323,Enes Kanter,UTH,5.0,66,874,.305,.129,2.4,.9,16.7,15.3,.4
324,Emeka Okafor,NOR,5.0,30,781,.301,.126,2.0,.8,16.3,13.1,1.5
325,Elton Brand,PHI,4.5,60,1732,.330,.154,5.6,1.7,18.3,11.9,2.7
326,Elliot Williams,POR,2.0,24,149,.149,.074,.2,-.8,28.3,6.1,1.9
327,Ekpe Udoh,"GSW, MIL",4.7,61,1290,.231,.056,1.5,-1.3,12.7,9.5,2.1
328,Edwin Ubiles,WAS,2.5,4,52,.058,-.018,.0,-3.6,12.9,9.2,.9
329,Eduardo Najera,CHA,4.0,22,270,.171,-.004,.0,-3.2,10.3,8.9,2.1
330,Eddy Curry,MIA,5.0,21,83,-.103,-.278,-.5,-11.7,17.4,7.0,.6
331,Ed Davis,TOR,4.5,66,1534,.352,.177,5.6,2.4,13.0,13.7,1.9
332,Earl Watson,UTH,1.0,50,1032,.193,.103,2.2,.1,6.9,5.6,10.1
333,Earl Clark,ORL,3.5,46,559,.139,.014,.2,-2.7,10.6,10.6,1.5
334,Earl Boykins,HOU,1.0,13,111,.047,-.043,-.1,-4.4,16.9,4.8,7.4
335,Earl Barron,GSW,5.0,3,9,-.285,-.461,-.1,-17.4,22.0,5.5,0
336,E'Twaun Moore,BOS,1.5,42,331,.064,-.018,-.1,-3.7,16.0,4.8,4.9
337,Dwyane Wade,MIA,1.9,51,1625,.302,.225,7.6,3.9,32.0,7.0,6.6
338,Dwight Howard,ORL,5.0,54,2070,.436,.260,11.2,5.0,25.8,18.2,2.4
339,Drew Gooden,MIL,5.0,58,1469,.234,.059,1.8,-1.2,25.0,11.9,4.7
340,Dorell Wright,GSW,3.0,62,1650,.237,.161,5.5,1.9,18.3,8.1,2.7
341,Donte Greene,SAC,3.9,54,777,.113,-.054,-.9,-4.8,17.6,8.2,2.1
342,Donald Sloan,(3+),1.5,34,670,.057,-.027,-.4,-3.9,13.1,4.8,7.5
343,Dominique Jones,DAL,2.0,39,268,.133,.058,.3,-1.3,15.7,7.9,7.5
344,Dominic McGuire,GSW,4.0,65,1127,.268,.093,2.2,-.2,9.7,10.5,4.7
345,Dirk Nowitzki,DAL,4.3,62,2079,.217,.042,1.8,-1.8,31.0,9.7,3.1
346,Dexter Pittman,MIA,5.0,41,301,.129,-.047,-.3,-4.5,16.9,11.3,1.4
347,Devin Harris,UTH,1.0,64,1741,.197,.107,3.9,.3,19.7,3.1,8.7
348,Devin Ebanks,LAL,2.2,32,396,.130,.054,.4,-1.4,11.8,6.5,1.5
349,Derrick Williams,MIN,3.5,66,1418,.161,.035,1.0,-2.0,19.7,10.5,1.3
350,Derrick Rose,CHI,1.1,39,1374,.222,.134,3.8,1.1,29.8,4.6,10.7
351,Derrick Favors,UTH,4.5,65,1376,.303,.128,3.7,.9,19.9,14.8,1.5
352,Derrick Byars,SAS,2.5,2,37,.339,.263,.2,5.1,13.0,14.3,1.3
353,Derrick Brown,CHA,3.0,65,1443,.239,.163,4.9,2.0,17.4,7.8,2.2
354,Deron Williams,BRK,1.0,58,1999,.147,.057,2.4,-1.3,27.7,4.4,11.6
355,Derek Fisher,"LAL, OKC",1.0,63,1508,.091,.001,.0,-3.0,11.1,3.9,5.4
356,Dennis Horner,BRK,3.5,12,22,.133,.008,.0,-2.8,10.8,10.8,0
357,Delonte West,DAL,1.8,44,1060,.188,.109,2.4,.3,19.1,4.6,6.3
358,DeShawn Stevenson,BRK,2.5,52,960,.076,.000,.0,-3.1,7.4,5.0,2.0
359,DeSagana Diop,CHA,5.0,38,325,.222,.047,.3,-1.6,4.6,12.5,3.4
360,DeMarre Carroll,"DEN, UTH",3.2,26,348,.153,.059,.4,-1.2,14.8,7.3,2.5
361,DeMarcus Cousins,SAC,4.7,65,1950,.246,.071,2.9,-.9,28.6,17.3,2.5
362,DeMar DeRozan,TOR,2.5,63,2206,.052,-.024,-1.1,-3.8,22.9,4.6,2.8
363,DeJuan Blair,SAS,4.5,65,1363,.282,.107,3.0,.2,21.5,12.4,2.7
364,DeAndre Liggins,ORL,2.5,22,115,.127,.052,.1,-1.5,13.8,6.3,2.1
365,DeAndre Jordan,LAC,5.0,66,1798,.427,.252,9.4,4.7,13.0,14.6,.5
366,David West,IND,4.0,66,1925,.278,.102,4.1,.1,21.0,10.8,3.5
367,David Lee,GSW,4.5,59,2121,.235,.060,2.7,-1.2,26.0,12.3,3.7
368,Darryl Watkins,NOR,5.0,5,98,.274,.098,.2,.0,11.3,13.3,1.5
369,Darren Collison,IND,1.0,60,1878,.206,.116,4.5,.5,15.8,4.8,7.3
370,Darko Milicic,MIN,5.0,33,472,.122,-.054,-.5,-4.8,13.6,9.9,1.7
371,Darius Morris,LAL,1.0,25,170,-.019,-.109,-.4,-6.5,13.0,4.5,5.9
372,Darington Hobson,MIL,2.0,5,39,-.255,-.331,-.3,-13.4,4.9,3.7,7.4
373,Dante Cunningham,MEM,4.0,64,1124,.334,.159,3.7,1.9,14.2,10.5,1.6
374,Danny Green,SAS,2.5,66,1522,.258,.183,5.8,2.6,19.0,7.2,2.7
375,Danny Granger,IND,3.0,62,2062,.196,.116,5.0,.5,27.0,7.1,2.5
376,Danilo Gallinari,DEN,3.3,47,1351,.207,.102,2.9,.1,22.3,7.2,4.1
377,Daniel Orton,ORL,4.5,19,187,.304,.129,.5,.9,11.6,10.0,1.3
378,Daniel Gibson,CLE,1.3,39,916,.111,.025,.5,-2.3,13.8,5.3,4.0
379,Dan Gadzuric,NYK,5.0,2,13,-.038,-.213,-.1,-9.7,0,18.2,0
380,Damion James,BRK,3.0,7,170,.099,.024,.1,-2.3,9.6,9.3,.8
381,Damien Wilkins,DET,2.6,60,922,.105,.029,.6,-2.2,10.0,5.2,2.3
382,Dahntay Jones,IND,2.2,66,1052,.132,.056,1.2,-1.3,15.8,5.3,2.9
383,Daequan Cook,OKC,2.0,57,989,.127,.051,1.1,-1.5,15.1,5.9,.7
384,DaJuan Summers,NOR,4.0,15,209,.058,-.117,-.5,-6.7,15.7,5.3,2.3
385,DJ White,CHA,3.7,59,1098,.159,.010,.2,-2.8,17.1,9.1,2.1
386,D.J. Kennedy,CLE,3.0,2,59,.055,-.021,.0,-3.7,9.8,5.7,2.4
387,D.J. Augustin,CHA,1.0,49,1408,.126,.036,1.0,-2.0,18.1,3.7,10.5
388,Craig Smith,POR,4.0,53,464,.256,.081,.8,-.6,16.1,11.4,2.0
389,Craig Brackins,PHI,4.0,22,88,-.050,-.225,-.4,-10.1,12.0,8.2,4.4
390,Courtney Lee,HOU,2.5,58,1757,.155,.079,2.9,-.6,18.0,4.3,2.4
391,Courtney Fortson,"HOU, LAC",1.8,10,95,.056,-.023,.0,-3.8,17.7,7.6,5.0
392,Cory Joseph,SAS,1.0,31,266,.040,-.050,-.3,-4.6,10.5,4.5,6.1
393,Cory Higgins,CHA,2.0,43,423,-.186,-.261,-2.3,-11.2,17.0,4.0,4.1
394,Corey Maggette,CHA,3.0,37,881,.031,-.045,-.8,-4.5,26.2,6.8,2.1
395,Corey Brewer,DEN,3.0,59,1287,.135,.059,1.6,-1.2,19.6,5.6,3.3
396,Cole Aldrich,OKC,5.0,33,173,.402,.226,.8,4.0,15.8,13.3,.8
397,Chuck Hayes,SAC,4.5,55,1039,.220,.045,1.0,-1.7,7.9,10.8,3.6
398,Christian Eyenga,"CLE, LAL",3.0,8,103,.030,-.045,-.1,-4.5,8.0,6.6,2.3
399,Chris Wright,GSW,4.0,28,186,.371,.196,.8,3.0,18.1,11.6,1.0
400,Chris Wilcox,BOS,4.5,29,481,.303,.127,1.3,.9,15.2,12.2,1.2
401,Chris Singleton,WAS,3.0,66,1431,.161,.085,2.5,-.4,10.3,7.8,1.6
402,Chris Paul,LAC,1.0,61,2180,.400,.310,14.1,6.6,26.2,4.7,12.0
403,Chris Kaman,NOR,4.8,48,1372,.148,-.027,-.8,-3.9,21.6,12.7,3.5
404,Chris Johnson,"NOR, POR",5.0,28,175,.180,.005,.0,-2.9,15.0,10.9,.5
405,Chris Duhon,ORL,1.0,63,1226,.173,.083,2.1,-.5,9.3,4.0,5.9
406,Chris Bosh,MIA,5.0,57,2007,.258,.083,3.5,-.5,24.5,10.8,2.5
407,Chris Andersen,DEN,4.5,40,486,.447,.272,2.8,5.4,16.6,14.6,.6
408,Chauncey Billups,LAC,2.0,20,607,.132,.056,.7,-1.3,23.7,4.0,6.3
409,Chase Budinger,HOU,2.5,59,1298,.215,.139,3.8,1.2,20.6,8.0,2.7
410,Charlie Villanueva,DET,4.7,17,180,.169,-.006,.0,-3.3,24.3,12.8,1.6
411,Charles Jenkins,GSW,1.0,53,893,.085,-.004,-.1,-3.2,16.0,3.7,9.1
412,Channing Frye,PHO,4.1,65,1669,.210,.035,1.2,-2.0,19.4,10.9,2.5
413,Chandler Parsons,HOU,3.2,63,1804,.224,.133,5.0,1.0,15.9,8.0,3.6
414,Cartier Martin,WAS,3.0,17,391,.172,.096,.8,-.1,19.4,7.1,1.2
415,Caron Butler,LAC,3.0,63,1871,.090,.015,.6,-2.6,19.3,5.9,2.0
416,Carmelo Anthony,NYK,3.5,55,1876,.186,.060,2.4,-1.2,31.9,8.8,5.1
417,Carlos Delfino,MIL,2.5,56,1537,.191,.115,3.7,.5,15.2,6.5,3.8
418,Carlos Boozer,CHI,4.5,66,1948,.303,.128,5.2,.9,24.4,13.9,3.1
419,Carldell Johnson,NOR,1.0,15,119,.056,-.034,-.1,-4.1,10.9,3.6,8.9
420,Carl Landry,NOR,4.0,44,999,.238,.063,1.3,-1.1,24.6,10.3,1.8
421,C.J. Watson,CHI,1.0,50,1159,.114,.024,.6,-2.3,19.6,4.3,8.3
422,C.J. Miles,UTH,2.5,56,1145,.042,-.034,-.8,-4.1,21.3,4.9,2.9
423,Byron Mullens,CHA,5.0,65,1465,.109,-.067,-2.0,-5.2,19.9,10.7,1.9
424,Brook Lopez,BRK,5.0,7,136,.115,-.060,-.2,-5.0,33.9,6.4,2.1
425,Brian Skinner,MEM,4.0,1,4,-.464,-.640,-.1,-23.0,0,0,0
426,Brian Scalabrine,CHI,4.5,33,122,.280,.105,.3,.2,12.6,8.3,5.9
427,Brian Cook,"LAC, WAS",4.2,35,276,-.009,-.184,-1.1,-8.8,14.1,11.0,1.7
428,Brian Cardinal,DAL,3.5,49,277,.029,-.096,-.6,-6.1,7.5,5.9,2.8
429,Brendan Haywood,DAL,5.0,55,1146,.334,.158,3.8,1.8,11.8,13.6,.8
430,Brandon Rush,GSW,2.0,65,1717,.270,.194,6.9,3.0,17.7,7.0,2.5
431,Brandon Knight,DET,1.5,66,2128,.087,.004,.2,-2.9,19.1,4.8,5.7
432,Brandon Jennings,MIL,1.0,66,2331,.184,.094,4.6,-.1,25.9,4.7,7.5
433,Brandon Bass,BOS,4.3,59,1868,.227,.052,2.0,-1.5,19.0,9.4,1.4
434,Brandan Wright,DAL,4.0,50,791,.436,.261,4.3,5.0,20.6,10.6,.8
435,Brad Miller,MIN,5.0,20,146,.208,.033,.1,-2.0,11.5,6.3,7.9
436,Boris Diaw,"CHA, SAS",4.3,58,1425,.198,.022,.7,-2.4,12.3,9.4,6.9
437,Bobby Simmons,LAC,3.0,30,418,.113,.037,.3,-1.9,9.2,6.3,1.3
438,Blake Griffin,LAC,4.5,66,2392,.338,.163,8.1,2.0,27.5,14.4,4.2
439,Blake Ahearn,UTH,1.0,4,30,-.508,-.598,-.4,-21.7,15.8,3.2,1.6
440,Bismack Biyombo,CHA,4.5,63,1455,.237,.062,1.9,-1.2,10.8,12.1,.9
441,Bill Walker,NYK,2.2,33,620,.112,.036,.5,-1.9,14.6,6.2,2.9
442,Beno Udrih,MIL,1.0,59,1080,.186,.096,2.2,-.1,15.5,4.5,10.1
443,Ben Wallace,DET,5.0,63,980,.394,.219,4.5,3.7,4.2,13.2,2.1
444,Ben Uzoh,"CLE, TOR",1.5,18,370,.185,.102,.8,.1,10.5,8.7,7.9
445,Ben Gordon,DET,2.0,56,1398,.090,.014,.4,-2.6,22.2,4.2,4.4
446,Baron Davis,NYK,1.0,31,595,.090,.000,.0,-3.1,14.4,4.5,10.9
447,Avery Bradley,BOS,1.5,64,1368,.155,.072,2.1,-.8,17.0,4.0,3.1
448,Austin Daye,DET,3.5,42,603,-.023,-.149,-1.9,-7.7,15.4,7.2,2.6
449,Arron Afflalo,DEN,2.0,62,2086,.164,.088,3.8,-.3,21.7,4.5,3.4
450,Armon Johnson,"BRK, POR",1.0,9,124,.112,.022,.1,-2.4,18.1,5.0,4.2
451,Anthony Tolliver,MIN,3.5,53,881,.171,.045,.8,-1.7,11.3,8.3,1.2
452,Anthony Randolph,MIN,4.5,40,517,.230,.055,.6,-1.4,23.4,11.4,1.8
453,Anthony Parker,CLE,2.5,52,1280,.169,.093,2.5,-.2,13.8,5.2,4.5
454,Anthony Morrow,BRK,2.5,62,1636,.082,.006,.2,-2.9,21.9,3.7,1.8
455,Anthony Carter,TOR,1.0,26,209,.121,.031,.1,-2.1,10.8,7.6,7.8
456,Antawn Jamison,CLE,4.0,65,2151,.114,-.061,-2.7,-5.0,24.9,9.1,2.9
457,Andris Biedrins,GSW,5.0,49,739,.287,.112,1.7,.4,5.1,11.4,1.0
458,Andrew Goudelock,LAL,1.2,48,419,-.043,-.130,-1.1,-7.1,20.1,3.6,2.3
459,Andrew Bynum,LAL,5.0,61,2112,.400,.225,9.9,3.9,25.5,16.1,1.9
460,Andrew Bogut,MIL,5.0,12,364,.220,.045,.3,-1.7,17.9,13.2,4.1
461,Andres Nocioni,PHI,3.6,16,56,-.124,-.257,-.3,-11.1,14.7,12.1,.9
462,Andrea Bargnani,TOR,4.5,32,1032,.151,-.024,-.5,-3.8,28.1,8.0,2.8
463,Andre Miller,DEN,1.4,66,1809,.183,.099,3.7,.0,17.0,5.9,11.7
464,Andre Iguodala,PHI,2.6,63,2209,.336,.261,12.0,5.0,16.8,8.3,7.4
465,Andre Emmett,BRK,2.0,6,45,.279,.203,.2,3.2,13.9,6.4,1.1
466,Andray Blatche,WAS,5.0,27,626,.086,-.090,-1.2,-5.9,16.9,11.5,2.1
467,Anderson Varejao,CLE,5.0,30,785,.448,.273,4.5,5.4,16.6,17.6,2.6
468,Amir Johnson,TOR,4.4,64,1553,.339,.164,5.3,2.0,14.0,12.6,2.4
469,Amare Stoudemire,NYK,4.5,47,1543,.228,.053,1.7,-1.4,25.6,11.4,1.6
470,Alonzo Gee,CLE,2.5,65,1827,.188,.113,4.3,.4,17.5,8.5,3.0
471,Alec Burks,UTH,2.0,60,939,.111,.035,.7,-2.0,21.7,6.7,2.8
472,Alan Anderson,TOR,2.0,17,461,.058,-.018,-.2,-3.6,17.0,3.5,2.7
473,Al-Farouq Aminu,NOR,3.0,66,1477,.190,.115,3.5,.5,13.0,10.0,2.1
474,Al Jefferson,UTH,4.8,61,2075,.295,.119,5.2,.6,27.1,13.5,3.1
475,Al Horford,ATL,5.0,11,348,.379,.204,1.5,3.3,18.8,10.6,3.3
476,Al Harrington,DEN,4.5,64,1761,.137,-.038,-1.4,-4.3,24.8,10.6,2.4
477,Aaron Gray,TOR,5.0,50,813,.311,.135,2.3,1.1,11.3,16.6,1.6
478,A.J. Price,IND,1.0,46,568,.150,.060,.7,-1.2,14.5,5.2,7.3
479,,,,,,,,,,,,
