,NAME,TM,POS,G,M,AJP48,WP48,WP,POP48,PTS,REB,AST
0,,,,,,,,,,,,
1,Zhou Qi,HOU,5.0,18,124,-.020,-.240,-.6,-10.5,8.5,8.5,.8
2,Zaza Pachulia,GSW,5.0,69,972,.408,.188,3.8,2.8,18.4,15.9,5.4
3,Zach Randolph,SAC,4.1,59,1508,.225,.006,.2,-2.9,27.3,12.6,4.0
4,Zach LaVine,CHI,1.5,24,656,.064,-.051,-.7,-4.7,29.3,6.9,5.3
5,Zach Collins,POR,5.0,66,1045,.156,-.064,-1.4,-5.1,13.4,10.2,2.4
6,Yogi Ferrell,DAL,1.0,82,2282,.191,.063,3.0,-1.1,17.6,5.2,4.2
7,Yanick Moreira,OKC,5.0,0,0,0,0,0,0,0,0,0
8,Yakuba Ouattara,BRK,2.0,0,0,0,0,0,0,0,0,0
9,Xavier Silas,BOS,2.0,2,7,-.166,-.267,.0,-11.4,0,13.7,0
10,Xavier Rathan-Mayes,"NYK, MEM",1.0,5,118,-.196,-.325,-.8,-13.2,11.8,2.0,7.3
11,Xavier Munford,MIL,2.0,6,21,-.255,-.357,-.2,-14.2,6.9,2.3,9.1
12,Wilson Chandler,DEN,3.3,74,2346,.218,.084,4.1,-.5,15.1,8.1,3.3
13,Willy Hernangomez,"NYK, CHA",5.0,48,495,.484,.264,2.7,5.1,23.9,17.6,3.2
14,Willie Reed,(3+),5.0,42,428,.437,.217,1.9,3.7,21.9,13.6,1.1
15,Willie Cauley-Stein,SAC,5.0,73,2044,.304,.084,3.6,-.5,21.9,12.0,4.0
16,Will Barton,DEN,2.6,81,2683,.249,.148,8.3,1.5,22.7,7.3,5.9
17,Wesley Matthews,DAL,2.9,63,2131,.183,.082,3.6,-.5,18.1,4.5,3.9
18,Wesley Johnson,LAC,3.0,74,1486,.206,.105,3.2,.2,13.0,7.0,2.0
19,Wes Iwundu,ORL,2.5,0,0,0,0,0,0,0,0,0
20,Wayne Selden Jr.,MEM,2.0,35,692,.112,.011,.2,-2.7,22.5,3.9,4.6
21,Wayne Ellington,MIA,2.1,77,2041,.233,.132,5.6,1.0,20.3,5.1,1.9
22,Walt Lemon Jr.,NOR,3.0,0,0,0,0,0,0,0,0,0
23,Wade Baldwin IV,"MEM, POR",1.0,0,0,0,0,0,0,0,0,0
24,Vince Hunter,MEM,4.0,4,7,.651,.431,.1,10.3,41.1,20.6,0
25,Vince Carter,SAC,2.0,58,1026,.209,.108,2.3,.3,14.6,6.9,3.2
26,Victor Oladipo,IND,2.0,75,2552,.303,.202,10.7,3.2,32.6,7.3,6.1
27,Vander Blue,LAL,1.0,5,45,-.047,-.176,-.2,-8.5,3.2,1.1,3.2
28,Udonis Haslem,MIA,4.0,14,72,.054,-.166,-.2,-8.2,5.3,6.7,3.3
29,Tyus Jones,MIN,1.0,82,1467,.301,.172,5.3,2.3,13.6,4.3,7.6
30,Tyson Chandler,PHO,5.0,46,1151,.468,.248,5.9,4.6,12.5,17.4,2.2
31,Tyrone Wallace,LAC,2.1,30,851,.140,.039,.7,-1.9,16.4,5.9,4.0
32,Tyreke Evans,MEM,2.0,52,1607,.297,.196,6.5,3.0,30.2,7.9,8.0
33,Tyler Zeller,"BRK, MIL",5.0,66,1109,.360,.140,3.2,1.3,19.1,13.2,2.0
34,Tyler Ulis,PHO,1.0,71,1658,.106,-.023,-.8,-3.8,16.0,3.7,9.0
35,Tyler Lydon,DEN,4.0,1,2,.097,-.122,.0,-6.9,0,0,0
36,Tyler Johnson,MIA,1.2,72,2052,.216,.093,4.0,-.2,19.7,5.8,3.9
37,Tyler Ennis,LAL,1.0,54,683,.180,.051,.7,-1.5,15.7,6.7,7.4
38,Tyler Dorsey,ATL,2.0,56,974,.099,-.002,.0,-3.1,20.0,6.4,3.9
39,Tyler Cavanaugh,ATL,5.0,39,518,.308,.088,.9,-.3,17.0,11.8,2.5
40,Troy Williams,"HOU, NYK",2.1,21,307,.274,.172,1.1,2.3,20.8,9.9,2.5
41,Troy Daniels,PHO,1.6,79,1622,.111,-.001,.0,-3.1,20.8,3.8,1.4
42,Troy Caupain,ORL,2.0,0,0,0,0,0,0,0,0,0
43,Tristan Thompson,CLE,5.0,53,1072,.386,.166,3.7,2.1,13.7,15.8,1.5
44,Trey McKinney Jones,IND,2.0,0,0,0,0,0,0,0,0,0
45,Trey Lyles,DEN,4.0,73,1391,.315,.096,2.8,-.1,25.0,12.0,3.1
46,Trey Burke,NYK,1.0,36,785,.284,.155,2.5,1.7,28.2,4.3,10.4
47,Trevor Thompson,GSW,5.0,0,0,0,0,0,0,0,0,0
48,Trevor Booker,(3+),4.4,68,1158,.350,.131,3.2,1.0,17.7,13.2,3.4
49,Trevor Ariza,HOU,3.0,67,2269,.255,.154,7.3,1.7,16.5,6.2,2.2
50,Treveon Graham,CHA,3.0,63,1050,.199,.098,2.1,.0,12.5,5.5,2.7
51,Travis Wear,LAL,5.0,17,228,.100,-.119,-.6,-6.8,15.8,8.0,1.5
52,Torrey Craig,DEN,3.0,39,629,.238,.137,1.8,1.2,12.4,9.7,1.9
53,Tony Snell,MIL,2.3,75,2053,.183,.081,3.5,-.5,12.1,3.3,2.3
54,Tony Parker,SAS,1.0,55,1071,.163,.035,.8,-2.0,18.9,4.3,8.7
55,Tony Mitchell,MIA,3.5,0,0,0,0,0,0,0,0,0
56,Tony Bradley,UTH,5.0,9,29,.236,.017,.0,-2.6,13.2,18.2,1.7
57,Tony Allen,"NOR, CHI",2.0,22,273,.073,-.028,-.2,-3.9,18.1,8.3,1.6
58,Tomas Satoransky,WAS,1.0,73,1643,.362,.233,8.0,4.2,15.3,6.8,8.4
59,Tobias Harris,"DET, LAC",4.0,80,2668,.246,.026,1.4,-2.3,26.7,7.8,3.5
60,Timothe Luwawu-Cabarrot,PHI,3.0,52,807,.046,-.055,-.9,-4.8,17.8,4.3,3.2
61,Timofey Mozgov,BRK,5.0,31,359,.289,.070,.5,-.9,17.5,13.1,1.5
62,Tim Quarterman,HOU,2.0,3,13,.011,-.090,.0,-5.9,14.8,11.1,3.7
63,Tim Hardaway Jr.,NYK,3.0,57,1885,.151,.050,2.0,-1.5,25.4,5.7,3.9
64,Tim Frazier,WAS,1.0,59,838,.268,.139,2.4,1.3,10.1,6.6,11.1
65,Thon Maker,MIL,5.0,74,1238,.194,-.025,-.7,-3.9,13.8,8.7,1.8
66,Thomas Bryant,LAL,5.0,15,72,.206,-.014,.0,-3.5,14.7,11.3,4.0
67,Thaddeus Young,IND,4.0,81,2607,.298,.079,4.3,-.6,17.6,9.4,2.8
68,Thabo Sefolosha,UTH,2.2,38,806,.369,.268,4.5,5.3,18.6,9.6,2.0
69,Terry Rozier,BOS,1.0,80,2068,.291,.162,7.0,2.0,20.9,8.7,5.4
70,Terry Henderson,CHA,2.0,0,0,0,0,0,0,0,0,0
71,Terrence Ross,ORL,3.0,24,600,.145,.044,.6,-1.7,16.7,5.8,3.0
72,Terrance Ferguson,OKC,2.4,61,763,.154,.053,.8,-1.4,11.9,3.0,1.2
73,Taurean Prince,ATL,3.1,82,2464,.171,.055,2.8,-1.4,22.6,7.6,4.2
74,Tarik Black,HOU,5.0,51,536,.365,.145,1.6,1.4,16.1,14.6,1.2
75,Taj Gibson,MIN,4.0,82,2726,.330,.110,6.3,.3,17.6,10.3,1.7
76,Tahjere McCall,BRK,2.0,0,0,0,0,0,0,0,0,0
77,TJ Leaf,IND,4.0,53,459,.212,-.008,-.1,-3.3,16.3,8.6,.9
78,T.J. Williams,CHA,2.0,0,0,0,0,0,0,0,0,0
79,T.J. Warren,PHO,3.0,65,2142,.196,.093,4.2,-.2,28.5,7.5,1.9
80,T.J. McConnell,PHI,2.0,76,1706,.298,.197,7.0,3.1,13.4,6.4,8.5
81,Steven Adams,OKC,5.0,76,2487,.500,.281,14.5,5.6,20.4,13.2,1.7
82,Sterling Brown,MIL,2.0,54,776,.190,.089,1.4,-.3,13.4,8.8,1.5
83,Stephen Curry,GSW,1.0,51,1631,.440,.311,10.6,6.6,39.6,7.7,9.1
84,Stanley Johnson,DET,3.0,69,1894,.149,.048,1.9,-1.6,15.2,6.4,2.8
85,Spencer Dinwiddie,BRK,1.0,80,2306,.256,.128,6.1,.9,21.0,5.4,10.9
86,Solomon Hill,NOR,2.0,12,187,.103,.002,.0,-3.0,7.4,9.2,5.6
87,Skal Labissiere,SAC,4.0,60,1240,.224,.005,.1,-2.9,20.2,11.1,2.8
88,Sindarius Thornwell,LAC,3.0,73,1156,.169,.068,1.6,-1.0,11.7,5.8,2.8
89,Shelvin Mack,ORL,1.0,69,1365,.234,.105,3.0,.2,16.6,5.8,9.6
90,Sheldon Mac,"WAS, ATL",2.0,0,0,0,0,0,0,0,0,0
91,Shaun Livingston,GSW,1.0,71,1129,.158,.029,.7,-2.2,16.8,5.6,6.0
92,Shaquille Harrison,PHO,1.0,23,384,.278,.150,1.2,1.6,19.0,7.6,6.9
93,Shane Larkin,BOS,1.0,54,775,.213,.084,1.4,-.5,14.3,5.7,6.1
94,Shabazz Napier,POR,1.0,74,1535,.243,.114,3.6,.5,20.1,5.3,4.7
95,Shabazz Muhammad,"MIN, MIL",3.0,43,418,.177,.076,.7,-.7,24.6,8.7,1.6
96,Seth Curry,DAL,2.0,0,0,0,0,0,0,0,0,0
97,Serge Ibaka,TOR,4.1,76,2093,.271,.052,2.2,-1.5,22.0,11.0,1.4
98,Semi Ojeleye,BOS,4.0,73,1150,.176,-.043,-1.0,-4.4,8.1,6.7,.8
99,Semaj Christon,OKC,1.0,0,0,0,0,0,0,0,0,0
100,Sean Kilpatrick,(3+),1.5,52,640,.068,-.048,-.6,-4.6,24.8,6.5,3.5
101,Scotty Hopson,DAL,2.0,1,8,-.199,-.300,-.1,-12.4,6.0,0,6.0
102,Sam Dekker,LAC,4.0,73,883,.229,.009,.2,-2.8,16.5,9.5,2.1
103,Salah Mejri,DAL,5.0,61,729,.499,.280,4.3,5.6,14.1,16.2,2.3
104,Ryan Arcidiacono,CHI,1.0,24,304,.208,.080,.5,-.6,7.6,3.9,5.5
105,Ryan Anderson,HOU,4.3,66,1725,.300,.080,2.9,-.6,17.2,9.2,1.7
106,Russell Westbrook,OKC,1.1,80,2914,.362,.236,14.4,4.3,33.4,13.2,13.5
107,Rudy Gobert,UTH,5.0,56,1816,.531,.311,11.8,6.6,20.0,15.9,2.1
108,Rudy Gay,SAS,3.0,57,1231,.291,.190,4.9,2.8,25.5,11.3,2.8
109,Royce O'Neale,UTH,3.0,69,1150,.265,.164,3.9,2.0,14.3,9.9,4.0
110,Rondae Hollis-Jefferson,BRK,4.1,68,1920,.290,.071,2.8,-.9,23.6,11.5,4.2
111,Ron Baker,NYK,1.0,29,385,.234,.106,.8,.2,8.9,3.7,5.9
112,Rodney Purvis,ORL,2.0,16,290,-.057,-.159,-1.0,-8.0,15.9,4.5,2.8
113,Rodney McGruder,MIA,2.0,18,299,.280,.179,1.1,2.5,14.6,5.1,2.7
114,Rodney Hood,"UTH, CLE",2.7,60,1616,.142,.040,1.4,-1.8,26.2,4.9,2.8
115,Robin Lopez,CHI,5.0,64,1690,.222,.003,.1,-3.0,21.5,8.2,3.5
116,Robert Covington,PHI,3.3,80,2532,.261,.128,6.7,.9,19.1,8.2,3.0
117,Ricky Rubio,UTH,1.0,77,2254,.249,.121,5.7,.7,21.5,7.5,8.7
118,Richaun Holmes,PHI,5.0,48,746,.406,.187,2.9,2.7,20.0,13.6,3.9
119,Richard Jefferson,(3+),3.0,20,163,.146,.045,.2,-1.7,8.8,5.0,4.4
120,Reggie Jackson,DET,1.0,45,1201,.148,.019,.5,-2.5,26.2,5.0,9.5
121,Reggie Hearn,"SAC, DET",2.0,3,7,.267,.166,.0,2.1,20.6,0,0
122,Reggie Bullock,DET,2.0,62,1732,.264,.163,5.9,2.0,19.3,4.3,2.6
123,Raymond Felton,OKC,1.0,82,1365,.174,.045,1.3,-1.7,19.9,5.5,7.1
124,Raul Neto,UTH,1.0,41,498,.190,.061,.6,-1.2,17.6,4.7,7.2
125,Rashawn Thomas,OKC,3.0,0,0,0,0,0,0,0,0,0
126,Rashad Vaughn,(3+),2.9,28,212,.167,.066,.3,-1.0,14.5,4.8,2.9
127,Ramon Sessions,"NYK, WAS",1.4,28,392,.143,.024,.2,-2.3,16.7,4.7,9.4
128,Rajon Rondo,NOR,1.0,65,1705,.318,.190,6.7,2.8,15.1,7.4,15.0
129,Rade Zagorac,MEM,3.0,0,0,0,0,0,0,0,0,0
130,R.J. Hunter,HOU,2.0,5,45,.013,-.088,-.1,-5.8,20.3,5.3,3.2
131,Quinn Cook,"ATL, GSW",1.0,33,740,.186,.057,.9,-1.3,20.2,5.3,5.8
132,Quincy Pondexter,CHI,2.5,23,196,.019,-.082,-.3,-5.6,11.0,6.6,2.2
133,Quincy Acy,BRK,4.0,70,1359,.172,-.048,-1.3,-4.6,14.5,9.0,2.0
134,Perry Jones,NOR,3.5,0,0,0,0,0,0,0,0,0
135,Paul Zipser,CHI,3.6,54,824,.055,-.123,-2.1,-6.9,12.7,7.6,2.7
136,Paul Millsap,DEN,4.0,38,1143,.269,.050,1.2,-1.5,23.3,10.3,4.3
137,Paul George,OKC,3.0,79,2891,.261,.160,9.7,1.9,28.8,7.4,4.4
138,Pau Gasol,SAS,5.0,77,1812,.429,.209,7.9,3.4,20.5,16.4,6.3
139,Patty Mills,SAS,2.0,82,2107,.191,.090,4.0,-.3,18.7,3.5,5.2
140,Patrick Patterson,OKC,5.0,82,1270,.272,.053,1.4,-1.4,12.0,7.3,2.2
141,Patrick McCaw,GSW,2.5,57,961,.116,.015,.3,-2.6,11.4,4.1,4.0
142,Patrick Beverley,LAC,2.0,11,334,.178,.077,.5,-.7,19.3,6.5,4.6
143,Pat Connaughton,POR,2.5,82,1488,.193,.092,2.9,-.2,14.2,5.2,2.9
144,Pascal Siakam,TOR,4.0,81,1679,.332,.112,3.9,.4,16.8,10.4,4.5
145,PJ Dozier,"DAL, OKC",2.0,2,3,-.538,-.639,.0,-22.9,32.0,16.0,0
146,P.J. Tucker,HOU,4.0,82,2281,.259,.040,1.9,-1.8,10.6,9.6,1.6
147,Otto Porter,WAS,3.4,77,2432,.380,.231,11.7,4.1,22.4,9.7,3.1
148,Omri Casspi,GSW,4.0,53,740,.350,.130,2.0,1.0,19.5,13.0,3.3
149,Omer Asik,"NOR, CHI",4.7,18,182,.153,-.067,-.3,-5.2,5.8,12.4,.8
150,Omari Johnson,MEM,4.0,4,75,.228,.008,.0,-2.8,14.1,7.0,4.5
151,Okaro White,(3+),4.0,6,80,.245,.025,.0,-2.3,12.0,6.6,1.2
152,OG Anunoby,TOR,3.2,74,1481,.243,.118,3.6,.6,14.2,6.0,1.8
153,Norman Powell,TOR,3.0,70,1062,.090,-.011,-.2,-3.4,17.4,5.4,4.0
154,Noah Vonleh,"POR, CHI",4.5,54,875,.372,.152,2.8,1.6,14.5,17.1,1.9
155,Nikola Vucevic,ORL,5.0,57,1683,.335,.115,4.0,.5,26.8,14.9,5.4
156,Nikola Mirotic,"CHI, NOR",4.0,55,1494,.327,.108,3.4,.3,27.6,13.0,2.6
157,Nikola Jokic,DEN,5.0,75,2443,.489,.269,13.7,5.3,27.2,15.8,9.0
158,Nik Stauskas,"PHI, BRK",3.0,41,523,.158,.057,.6,-1.3,16.6,5.9,3.6
159,Nigel Hayes,(3+),4.0,9,122,.136,-.084,-.2,-5.7,10.6,8.7,2.4
160,Nicolas Brussino,ATL,2.0,4,10,-.024,-.125,.0,-7.0,0,14.4,0
161,Nicolas Batum,CHA,2.4,64,1981,.273,.172,7.1,2.3,17.9,7.4,8.5
162,Nick Young,GSW,1.7,80,1393,.107,-.003,-.1,-3.2,20.0,4.3,1.2
163,Nick Collison,OKC,4.6,15,75,.299,.080,.1,-.6,19.8,12.8,2.6
164,Nerlens Noel,DAL,4.5,30,472,.472,.252,2.5,4.8,13.3,17.1,2.0
165,Nene Hilario,HOU,5.0,52,758,.322,.103,1.6,.1,21.5,11.1,2.8
166,Nemanja Bjelica,MIN,3.7,67,1371,.274,.096,2.7,-.1,15.9,9.6,3.0
167,Nazareth Mitrou-Long,UTH,1.0,0,0,0,0,0,0,0,0,0
168,Nate Wolters,UTH,1.0,5,19,-.150,-.278,-.1,-11.7,5.1,5.1,2.5
169,Myles Turner,IND,5.0,65,1836,.298,.078,3.0,-.6,21.6,10.9,2.3
170,Myke Henry,MEM,3.0,20,378,.184,.083,.7,-.5,13.6,4.8,2.8
171,Montrezl Harrell,LAC,4.0,76,1293,.435,.216,5.8,3.6,31.0,11.4,2.7
172,Monte Morris,DEN,1.0,3,25,.611,.482,.3,11.9,19.2,3.8,13.4
173,Mirza Teletovic,MIL,4.0,10,159,.239,.020,.1,-2.5,21.4,6.9,3.0
174,Mindaugas Kuzminskas,NYK,3.0,1,2,-1.715,-1.816,-.1,-59.6,0,0,0
175,Milton Doyle,BRK,1.0,10,125,-.010,-.139,-.4,-7.4,13.1,6.9,3.8
176,Milos Teodosic,LAC,2.0,45,1134,.176,.075,1.8,-.7,18.2,5.3,8.8
177,Miles Plumlee,ATL,5.0,55,918,.296,.077,1.5,-.7,12.4,11.9,2.4
178,Mike Young,WAS,4.0,0,0,0,0,0,0,0,0,0
179,Mike Scott,WAS,4.0,76,1406,.217,-.003,-.1,-3.2,22.8,8.4,2.7
180,Mike Muscala,ATL,4.9,53,1060,.327,.107,2.4,.3,18.3,10.4,2.3
181,Mike James,"PHO, NOR",1.0,0,0,0,0,0,0,0,0,0
182,Mike Conley,MEM,1.0,12,373,.134,.005,.0,-2.9,26.4,3.5,6.3
183,Michael Kidd-Gilchrist,CHA,3.3,74,1850,.221,.085,3.3,-.4,17.7,7.8,1.8
184,Michael Gbinije,GSW,3.0,0,0,0,0,0,0,0,0,0
185,Michael Carter-Williams,CHA,1.7,52,835,.186,.076,1.3,-.7,13.7,7.9,6.7
186,Michael Beasley,NYK,4.0,74,1653,.234,.015,.5,-2.6,28.3,12.0,3.6
187,Meyers Leonard,POR,4.0,33,254,.425,.206,1.1,3.3,21.2,13.2,3.2
188,Melo Trimble,MIN,1.0,0,0,0,0,0,0,0,0,0
189,Maxi Kleber,DAL,4.0,72,1206,.314,.094,2.4,-.1,15.4,9.3,2.0
190,Maurice Harkless,POR,4.0,59,1264,.301,.081,2.1,-.6,14.6,6.2,2.0
191,Matthew Dellavedova,MIL,1.0,38,712,.147,.018,.3,-2.5,11.1,4.3,9.8
192,Matt Williams,MIA,2.0,0,0,0,0,0,0,0,0,0
193,Matt Jones,SAC,2.0,0,0,0,0,0,0,0,0,0
194,Matt Costello,SAS,4.0,4,32,.351,.132,.1,1.0,6.0,13.5,3.0
195,Mason Plumlee,DEN,5.0,74,1439,.383,.163,4.9,2.0,17.5,13.3,4.7
196,Marvin Williams,CHA,4.0,78,2006,.314,.095,4.0,-.1,17.8,8.9,2.3
197,Martell Webster,NOR,2.5,0,0,0,0,0,0,0,0,0
198,Marshall Plumlee,"LAC, MIL",5.0,8,52,.339,.119,.1,.6,12.9,15.7,1.8
199,Marreese Speights,ORL,4.0,52,675,.105,-.115,-1.6,-6.6,28.6,9.5,2.8
200,Marquis Teague,MEM,1.0,3,74,.100,-.029,.0,-4.0,7.1,3.9,8.4
201,Marquese Chriss,PHO,4.8,72,1527,.202,-.017,-.6,-3.6,17.5,12.4,2.6
202,Markieff Morris,WAS,4.2,73,1968,.230,.010,.4,-2.8,20.5,10.0,3.5
203,Markelle Fultz,PHI,1.0,14,253,.129,.000,.0,-3.1,19.0,8.2,10.1
204,Markel Brown,"OKC, HOU",2.0,4,31,-.064,-.166,-.1,-8.2,7.7,7.7,3.1
205,Mario Hezonja,ORL,3.3,75,1657,.220,.079,2.7,-.6,20.9,8.1,3.1
206,Mario Chalmers,MEM,1.1,66,1421,.127,.001,.0,-3.0,17.1,5.3,6.7
207,Marcus Williams,SAC,1.0,0,0,0,0,0,0,0,0,0
208,Marcus Thornton,CLE,1.0,0,0,0,0,0,0,0,0,0
209,Marcus Smart,BOS,1.3,54,1614,.181,.061,2.0,-1.2,16.4,5.6,7.7
210,Marcus Paige,CHA,1.0,5,28,.016,-.113,-.1,-6.6,20.6,6.9,5.1
211,Marcus Morris,BOS,3.6,54,1447,.231,.063,1.9,-1.1,24.3,9.6,2.4
212,Marcus Georges-Hunt,MIN,2.0,42,224,.080,-.021,-.1,-3.7,12.6,3.4,1.5
213,Marco Belinelli,"ATL, PHI",3.0,80,1947,.191,.090,3.6,-.3,23.9,3.7,3.6
214,Marcin Gortat,WAS,5.0,82,2075,.368,.148,6.4,1.5,16.0,14.4,3.5
215,Marc Gasol,MEM,5.0,73,2408,.268,.048,2.4,-1.6,25.1,11.8,6.1
216,MarShon Brooks,MEM,2.0,7,193,.402,.301,1.2,6.3,35.1,5.5,6.2
217,Manu Ginobili,SAS,2.4,65,1299,.168,.067,1.8,-1.0,21.3,5.2,6.0
218,Mangok Mathiang,CHA,4.0,4,20,.490,.270,.1,5.3,19.2,24.0,0
219,Malik Monk,CHA,1.0,63,854,.007,-.122,-2.2,-6.9,23.7,3.7,5.1
220,Malik Beasley,DEN,1.0,62,583,.122,-.006,-.1,-3.3,16.1,5.8,2.6
221,Malcolm Miller,TOR,4.0,15,126,.221,.001,.0,-3.1,14.5,5.7,1.1
222,Malcolm Delaney,ATL,1.5,54,1014,.164,.050,1.0,-1.5,16.0,4.7,7.7
223,Malcolm Brogdon,MIL,2.0,48,1436,.202,.101,3.0,.1,20.9,5.2,5.1
224,Malachi Richardson,"SAC, TOR",2.0,26,324,.057,-.044,-.3,-4.5,13.2,5.0,1.9
225,Maalik Wayns,DAL,1.5,0,0,0,0,0,0,0,0,0
226,Luol Deng,LAL,4.0,1,13,.135,-.085,.0,-5.7,7.4,0,3.7
227,Luke Petrasek,CHA,4.0,0,0,0,0,0,0,0,0,0
228,Luke Kornet,NYK,4.0,20,326,.236,.016,.1,-2.6,19.7,9.4,3.8
229,Luke Kennard,DET,2.8,73,1463,.218,.117,3.6,.5,18.3,5.8,4.1
230,Luke Babbitt,"ATL, MIA",3.8,50,715,.184,-.011,-.2,-3.4,17.4,6.4,2.1
231,Luis Montero,DET,2.0,2,8,-.312,-.413,-.1,-15.9,0,12.0,0
232,Lucas Nogueira,TOR,5.0,49,418,.474,.254,2.2,4.8,14.0,10.0,2.5
233,Luc Richard Mbah a Moute,HOU,3.3,61,1564,.241,.110,3.6,.4,14.1,5.7,1.7
234,Lou Williams,LAC,1.0,79,2589,.213,.084,4.5,-.5,33.0,3.7,7.7
235,Lorenzo Brown,TOR,1.0,14,139,.187,.058,.2,-1.3,11.1,5.2,4.5
236,Lonzo Ball,LAL,1.1,52,1780,.277,.153,5.7,1.7,14.2,9.7,10.1
237,London Perrantes,CLE,1.0,14,66,-.059,-.187,-.3,-8.9,5.1,2.9,3.6
238,LeBron James,CLE,3.2,82,3026,.467,.338,21.3,7.4,35.7,11.2,11.8
239,Le'Bryan Nash,HOU,3.0,0,0,0,0,0,0,0,0,0
240,Lauri Markkanen,CHI,4.4,68,2020,.258,.039,1.6,-1.9,24.5,12.1,1.9
241,Larry Nance Jr.,"LAL, CLE",4.6,66,1421,.511,.292,8.6,6.0,19.4,15.3,2.8
242,Larry Drew II,"PHI, NOR",1.0,10,70,-.098,-.226,-.3,-10.1,11.7,2.1,6.9
243,Langston Galloway,DET,2.0,58,863,.177,.076,1.4,-.7,20.0,5.1,3.2
244,Lance Thomas,NYK,3.5,73,1353,.152,-.008,-.2,-3.3,10.6,6.2,1.6
245,Lance Stephenson,IND,2.5,82,1850,.183,.082,3.1,-.5,19.6,11.0,6.1
246,LaMarcus Aldridge,SAS,4.6,75,2509,.380,.161,8.4,1.9,33.2,12.1,2.9
247,LaDontae Henton,LAC,3.0,0,0,0,0,0,0,0,0,0
248,L.J. Peak,BOS,2.0,0,0,0,0,0,0,0,0,0
249,Kyrie Irving,BOS,2.0,60,1931,.351,.250,10.1,4.7,36.4,5.6,7.6
250,Kyle Singler,OKC,2.5,12,59,.000,-.101,-.1,-6.2,18.7,8.1,1.6
251,Kyle O'Quinn,NYK,5.0,77,1387,.481,.261,7.5,5.0,19.0,16.3,5.5
252,Kyle Lowry,TOR,1.0,78,2510,.389,.261,13.6,5.0,24.2,8.3,10.3
253,Kyle Kuzma,LAL,3.8,77,2401,.206,.011,.6,-2.7,24.8,9.7,2.8
254,Kyle Korver,CLE,2.1,73,1574,.234,.133,4.4,1.1,20.5,5.0,2.7
255,Kyle Collinsworth,DAL,2.0,32,480,.263,.162,1.6,2.0,10.1,10.7,5.6
256,Kyle Anderson,SAS,4.0,74,1978,.412,.196,8.1,3.0,14.2,9.6,4.9
257,Kristaps Porzingis,NYK,4.3,48,1553,.196,-.023,-.8,-3.8,33.6,9.8,1.8
258,Kris Humphries,PHI,4.5,0,0,0,0,0,0,0,0,0
259,Kris Dunn,CHI,1.3,52,1525,.157,.036,1.2,-1.9,22.0,7.0,9.8
260,Kosta Koufos,SAC,5.0,71,1391,.449,.229,6.6,4.0,16.5,16.3,3.0
261,Kobi Simmons,MEM,1.0,32,643,.076,-.052,-.7,-4.7,14.6,3.7,5.1
262,Klay Thompson,GSW,2.0,73,2506,.180,.079,4.1,-.6,28.0,5.3,3.5
263,Khris Middleton,MIL,3.1,82,2982,.220,.104,6.4,.1,26.6,6.9,5.3
264,Khem Birch,ORL,5.0,42,578,.458,.238,2.9,4.3,14.8,14.9,2.8
265,Kevon Looney,GSW,3.0,66,910,.372,.271,5.1,5.4,14.1,11.3,2.2
266,Kevin Love,CLE,5.0,59,1651,.421,.201,6.9,3.2,30.2,15.9,3.0
267,Kevin Durant,GSW,3.6,68,2325,.379,.208,10.1,3.4,37.0,9.6,7.6
268,Kentavious Caldwell-Pope,LAL,2.3,74,2458,.263,.162,8.3,2.0,19.4,7.6,3.2
269,Kent Bazemore,ATL,2.2,65,1789,.204,.103,3.8,.1,22.4,6.7,6.1
270,Kenneth Faried,DEN,4.2,32,461,.390,.170,1.6,2.2,19.6,15.9,1.9
271,Kendrick Perkins,CLE,5.0,1,15,.176,-.044,.0,-4.4,9.6,3.2,6.4
272,Kemba Walker,CHA,1.0,80,2736,.264,.135,7.7,1.1,31.1,4.3,7.8
273,Kelly Oubre Jr.,WAS,3.0,81,2231,.174,.073,3.4,-.8,20.5,7.8,2.1
274,Kelly Olynyk,MIA,5.0,76,1779,.345,.126,4.7,.8,23.5,11.6,5.6
275,Kay Felder,(3+),1.0,16,140,-.199,-.327,-1.0,-13.3,19.5,6.2,6.9
276,Kawhi Leonard,SAS,3.0,9,210,.406,.305,1.3,6.4,33.4,9.6,4.8
277,Karl-Anthony Towns,MIN,5.0,82,2918,.493,.274,16.6,5.4,28.7,16.6,3.3
278,Kamari Murphy,BRK,4.0,0,0,0,0,0,0,0,0,0
279,Kalin Lucas,ORL,1.0,0,0,0,0,0,0,0,0,0
280,Kadeem Allen,BOS,2.0,18,107,.015,-.087,-.2,-5.8,8.5,4.9,5.4
281,K.J. McDaniels,TOR,3.0,0,0,0,0,0,0,0,0,0
282,Jusuf Nurkic,POR,5.0,79,2088,.325,.106,4.6,.2,26.0,16.3,3.3
283,Justise Winslow,MIA,3.6,68,1680,.254,.081,2.8,-.6,15.1,10.5,4.2
284,Justin Patton,MIN,5.0,1,4,.189,-.030,.0,-4.0,24.0,0,0
285,Justin Jackson,SAC,3.4,68,1506,.166,.020,.6,-2.5,14.4,6.0,2.4
286,Justin Holiday,CHI,2.0,72,2265,.152,.051,2.4,-1.5,18.6,6.2,3.2
287,Justin Anderson,PHI,3.0,38,519,.214,.113,1.2,.4,21.8,8.6,2.3
288,Julyan Stone,CHA,2.0,23,175,.286,.185,.7,2.7,5.2,8.0,7.1
289,Julius Randle,LAL,4.1,82,2190,.349,.129,5.9,.9,29.0,14.3,4.6
290,Juancho Hernangomez,DEN,4.0,25,277,.203,-.016,-.1,-3.6,14.2,9.4,2.1
291,Jrue Holiday,NOR,2.0,81,2927,.260,.159,9.7,1.9,25.2,6.0,8.0
292,Josh Smith,NOR,4.0,3,12,.033,-.186,.0,-8.9,8.0,16.0,0
293,Josh Richardson,MIA,3.0,81,2689,.239,.138,7.7,1.2,18.7,5.1,4.1
294,Josh McRoberts,DAL,4.5,2,6,-.420,-.640,-.1,-23.0,0,0,0
295,Josh Magette,ATL,1.0,18,216,.256,.127,.6,.9,10.2,4.2,12.7
296,Josh Jackson,PHO,2.9,77,1959,.054,-.047,-1.9,-4.6,24.8,8.6,2.9
297,Josh Huestis,OKC,2.0,69,982,.172,.071,1.4,-.9,7.8,7.9,1.0
298,Josh Hart,LAL,2.0,63,1461,.299,.198,6.0,3.1,16.3,8.6,2.6
299,Josh Gray,PHO,1.0,5,86,-.079,-.208,-.4,-9.5,17.9,5.6,6.7
300,Josh Childress,DEN,2.5,0,0,0,0,0,0,0,0,0
301,Jose Calderon,CLE,1.0,57,914,.241,.112,2.1,.4,13.4,4.4,6.1
302,Jordan Mickey,MIA,4.0,23,284,.243,.023,.1,-2.4,15.7,13.9,1.5
303,Jordan Mathews,ATL,1.0,0,0,0,0,0,0,0,0,0
304,Jordan Crawford,NOR,1.0,5,53,.207,.078,.1,-.7,29.9,3.6,11.8
305,Jordan Clarkson,"LAL, CLE",1.0,81,1888,.161,.032,1.3,-2.1,28.6,5.5,5.6
306,Jordan Bell,GSW,5.0,57,809,.449,.229,3.9,4.0,15.5,12.3,6.1
307,Jonathon Simmons,ORL,2.0,69,2029,.140,.039,1.6,-1.9,22.8,5.7,4.0
308,Jonathan Isaac,ORL,4.0,27,536,.208,-.011,-.1,-3.4,13.0,8.9,1.6
309,Jonathan Holmes,BOS,4.0,0,0,0,0,0,0,0,0,0
310,Jonathan Gibson,BOS,2.0,4,40,.354,.253,.2,4.8,40.8,3.6,4.8
311,Jonas Valanciunas,TOR,5.0,77,1727,.493,.273,9.8,5.4,27.2,18.3,2.3
312,Jonas Jerebko,UTH,4.0,74,1134,.302,.083,2.0,-.5,18.2,10.4,1.8
313,Jon Leuer,DET,5.0,8,136,.182,-.038,-.1,-4.3,15.2,11.3,1.8
314,Johnny O'Bryant III,"CHA, NYK",4.0,0,0,0,0,0,0,0,0,0
315,Johnathan Motley,DAL,4.0,11,176,.278,.058,.2,-1.3,26.2,13.4,1.9
316,John Wall,WAS,1.0,41,1410,.221,.092,2.7,-.2,27.1,5.1,13.4
317,John Jenkins,ATL,2.5,0,0,0,0,0,0,0,0,0
318,John Holland,CLE,2.0,24,174,.027,-.074,-.3,-5.4,14.9,6.6,1.4
319,John Henson,MIL,5.0,76,1970,.364,.144,5.9,1.4,16.2,12.5,2.8
320,John Collins,ATL,4.0,74,1785,.415,.196,7.3,3.0,20.9,14.5,2.6
321,Joffrey Lauvergne,SAS,5.0,55,534,.360,.141,1.6,1.3,20.3,15.4,3.7
322,Joel Embiid,PHI,5.0,63,1912,.335,.115,4.6,.5,36.3,17.3,5.0
323,Joel Bolomboy,"UTH, MIL",4.0,6,38,.354,.134,.1,1.1,11.4,12.6,0
324,Joel Anthony,MIL,4.5,0,0,0,0,0,0,0,0,0
325,Joe Young,IND,1.5,0,0,0,0,0,0,0,0,0
326,Joe Johnson,(3+),3.2,55,1205,.138,-.031,-.8,-4.1,14.8,6.9,3.3
327,Joe Ingles,UTH,3.2,82,2578,.325,.201,10.8,3.2,17.5,6.4,7.3
328,Joe Harris,BRK,2.2,78,1975,.252,.151,6.2,1.6,20.6,6.3,3.1
329,Jodie Meeks,WAS,2.0,77,1119,.185,.084,2.0,-.5,20.9,5.4,3.0
330,Joakim Noah,NYK,4.0,7,40,.413,.194,.2,2.9,14.4,16.8,4.8
331,Jimmy Butler,MIN,2.1,59,2164,.377,.276,12.5,5.5,29.0,7.0,6.4
332,Jerryd Bayless,PHI,1.0,39,925,.110,-.019,-.4,-3.7,15.9,4.2,2.8
333,Jerian Grant,CHI,1.0,74,1686,.247,.118,4.1,.6,17.6,4.9,9.7
334,Jeremy Senglin,BRK,1.0,0,0,0,0,0,0,0,0,0
335,Jeremy Lin,BRK,1.0,1,25,.001,-.128,-.1,-7.1,34.6,0,7.7
336,Jeremy Lamb,CHA,2.0,80,1967,.251,.150,6.1,1.6,25.2,7.9,4.5
337,Jeremy Evans,ATL,4.0,1,5,.228,.009,.0,-2.8,19.2,9.6,0
338,Jerami Grant,OKC,4.0,81,1647,.340,.120,4.1,.7,19.9,9.3,1.7
339,Jeff Withey,DAL,5.0,9,39,.094,-.126,-.1,-7.0,18.5,12.3,0
340,Jeff Teague,MIN,1.0,70,2311,.246,.118,5.7,.6,20.6,4.3,10.2
341,Jeff Green,CLE,4.2,78,1828,.215,-.005,-.2,-3.2,22.2,6.5,2.6
342,Jayson Tatum,BOS,3.0,80,2438,.292,.191,9.7,2.8,21.9,7.9,2.5
343,Jaylen Morris,ATL,2.0,6,98,.104,.003,.0,-3.0,13.7,7.8,3.4
344,Jaylen Johnson,CHI,3.0,0,0,0,0,0,0,0,0,0
345,Jaylen Brown,BOS,2.4,70,2152,.227,.125,5.6,.8,22.7,7.7,2.5
346,Jawun Evans,LAC,1.0,48,778,.033,-.096,-1.6,-6.1,14.3,5.2,6.2
347,Jason Terry,MIL,1.2,51,814,.182,.058,1.0,-1.3,9.8,2.8,3.5
348,Jason Smith,WAS,5.0,33,285,.043,-.177,-1.0,-8.6,19.0,8.9,2.4
349,Jarrod Uthoff,IND,4.0,0,0,0,0,0,0,0,0,0
350,Jarrett Jack,NYK,1.0,62,1548,.205,.076,2.5,-.7,14.4,5.9,10.8
351,Jarrett Allen,BRK,5.0,72,1441,.411,.191,5.7,2.9,19.6,12.9,1.6
352,Jarell Martin,MEM,4.0,73,1661,.185,-.035,-1.2,-4.2,16.3,9.2,2.1
353,Jarell Eddie,"CHI, BOS",2.0,3,9,-.013,-.114,.0,-6.6,0,5.3,0
354,Jared Dudley,PHO,4.0,48,686,.214,-.005,-.1,-3.2,10.6,6.5,5.5
355,Jamil Wilson,LAC,4.0,15,274,.208,-.011,-.1,-3.4,18.4,5.6,1.8
356,James Young,"MIL, PHI",1.9,6,61,.043,-.062,-.1,-5.0,13.4,1.6,1.6
357,James Webb III,BRK,3.0,0,0,0,0,0,0,0,0,0
358,James Michael McAdoo,PHI,4.0,3,18,.029,-.191,-.1,-9.0,21.3,5.3,0
359,James Johnson,MIA,4.0,73,1943,.308,.088,3.6,-.3,19.5,8.8,6.9
360,James Harden,HOU,2.0,72,2551,.430,.328,17.5,7.1,41.2,7.3,11.9
361,James Ennis III,"MEM, DET",2.3,72,1604,.260,.159,5.3,1.9,15.3,6.7,2.1
362,James Blackmon Jr.,PHI,2.0,0,0,0,0,0,0,0,0,0
363,Jamel Artis,ORL,3.0,15,279,.109,.008,.0,-2.8,13.2,6.5,3.1
364,Jameer Nelson,(3+),1.0,50,1013,.145,.016,.3,-2.6,11.7,4.9,8.5
365,Jameel Warney,DAL,3.0,3,27,.430,.329,.2,7.1,30.2,16.0,0
366,Jamal Murray,DEN,1.0,81,2565,.203,.074,4.0,-.8,25.3,5.6,5.1
367,Jamal Crawford,MIN,2.0,80,1653,.081,-.020,-.7,-3.7,23.9,2.9,5.4
368,Jalen Jones,"NOR, DAL",2.9,16,181,.138,.037,.1,-1.9,19.6,10.1,1.1
369,Jakob Poeltl,TOR,5.0,82,1524,.440,.220,7.0,3.8,17.9,12.4,1.8
370,Jake Layman,POR,3.0,35,160,.051,-.050,-.2,-4.6,10.2,4.8,3.3
371,Jakarr Sampson,SAC,4.0,22,344,.333,.113,.8,.4,14.4,10.9,1.3
372,Jahlil Okafor,"PHI, BRK",5.0,28,353,.243,.023,.2,-2.4,23.9,11.6,1.6
373,Jae Crowder,"CLE, UTH",4.0,80,2090,.153,-.067,-2.9,-5.1,17.8,6.3,2.3
374,Jacob Wiley,BRK,1.0,5,33,.358,.229,.2,4.1,5.8,16.0,2.9
375,Jacob Pullen,PHI,1.0,3,6,-.241,-.370,.0,-14.6,16.0,0,0
376,Jack Cooley,SAC,4.5,7,87,.427,.208,.4,3.4,22.1,16.6,3.3
377,Jabari Parker,MIL,4.0,31,743,.247,.028,.4,-2.2,25.3,9.8,3.8
378,Jabari Bird,BOS,2.0,13,115,.302,.201,.5,3.2,16.3,7.9,3.3
379,JaVale McGee,GSW,5.0,65,615,.456,.236,3.0,4.3,24.2,13.2,2.6
380,JaMychal Green,MEM,4.0,55,1542,.322,.102,3.3,.1,17.7,14.4,2.5
381,J.R. Smith,CLE,2.0,80,2244,.144,.043,2.0,-1.8,14.2,5.0,3.0
382,J.J. Redick,PHI,2.0,70,2116,.228,.127,5.6,.9,27.2,4.0,4.8
383,J.J. Barea,DAL,2.0,69,1603,.264,.163,5.4,2.0,24.0,6.0,13.0
384,Ivica Zubac,LAL,5.0,43,410,.355,.136,1.2,1.1,18.8,14.3,2.9
385,Ivan Rabb,MEM,5.0,36,516,.397,.177,1.9,2.4,18.7,14.7,3.0
386,Ish Smith,DET,1.0,82,2043,.229,.101,4.3,.1,21.0,5.3,8.5
387,Isaiah Whitehead,BRK,1.5,16,180,.024,-.091,-.3,-5.9,26.7,6.9,5.3
388,Isaiah Thomas,"CLE, LAL",1.0,32,862,.012,-.116,-2.1,-6.7,27.1,3.7,8.5
389,Isaiah Taylor,"HOU, ATL",1.0,67,1167,.099,-.029,-.7,-4.0,18.3,3.9,8.5
390,Isaiah Hicks,"CHA, NYK",4.0,18,240,.043,-.177,-.9,-8.6,16.0,8.2,3.2
391,Isaiah Canaan,(3+),1.0,20,422,.194,.065,.6,-1.1,19.6,5.1,8.6
392,Isaiah Briscoe,POR,1.0,0,0,0,0,0,0,0,0,0
393,Isaac Hamilton,CLE,2.0,0,0,0,0,0,0,0,0,0
394,Iman Shumpert,"CLE, SAC",3.0,14,276,.127,.026,.2,-2.3,10.8,7.1,3.0
395,Ike Anigbogu,IND,4.0,11,30,.491,.272,.2,5.4,20.8,14.4,0
396,Ian Mahinmi,WAS,5.0,77,1145,.294,.075,1.8,-.8,15.3,13.1,2.2
397,Ian Clark,NOR,1.1,74,1455,.089,-.036,-1.1,-4.2,18.2,4.2,3.6
398,Henry Ellenson,DET,4.7,38,329,.124,-.095,-.7,-6.0,22.0,11.8,2.9
399,Hassan Whiteside,MIA,5.0,54,1364,.535,.316,9.0,6.7,26.5,21.7,1.9
400,Harry Giles,SAC,4.5,0,0,0,0,0,0,0,0,0
401,Harrison Barnes,DAL,3.7,77,2634,.197,.019,1.0,-2.5,26.5,8.5,2.8
402,Guerschon Yabusele,BOS,4.0,33,235,.312,.092,.5,-.2,16.1,10.6,3.3
403,Greg Monroe,(3+),4.6,51,1040,.469,.249,5.4,4.7,24.2,16.2,5.3
404,Gorgui Dieng,MIN,4.7,79,1333,.315,.096,2.7,-.1,16.9,13.0,2.6
405,Gordon Hayward,BOS,3.0,1,5,.059,-.043,.0,-4.4,19.2,9.6,0
406,Goran Dragic,MIA,1.0,75,2378,.205,.077,3.8,-.7,26.2,6.2,7.2
407,Glenn Robinson III,IND,3.0,23,338,.234,.133,.9,1.1,13.5,5.3,2.4
408,Giannis Antetokounmpo,MIL,4.1,75,2756,.418,.199,11.4,3.1,35.1,13.1,6.3
409,Gian Clavell,DAL,1.0,7,64,.119,-.010,.0,-3.4,15.0,5.3,2.3
410,Gerald Green,"MIL, HOU",2.5,41,929,.187,.086,1.7,-.4,25.7,6.9,1.3
411,Georgios Papagiannis,"SAC, POR",5.0,17,122,.261,.041,.1,-1.8,14.2,14.6,3.5
412,Georges Niang,"GSW, UTH",4.0,9,32,.197,-.022,.0,-3.8,13.5,13.5,4.5
413,George de Paula,HOU,1.0,0,0,0,0,0,0,0,0,0
414,George Hill,"SAC, CLE",1.0,67,1812,.228,.100,3.8,.0,17.7,4.8,4.9
415,Gary Payton II,"MIL, LAL",2.0,0,0,0,0,0,0,0,0,0
416,Gary Harris,DEN,2.0,67,2304,.233,.132,6.3,1.0,24.4,3.7,4.0
417,Garrett Temple,SAC,3.0,65,1615,.151,.050,1.7,-1.5,16.3,4.5,3.7
418,Furkan Korkmaz,PHI,3.0,14,80,-.038,-.139,-.2,-7.4,13.8,6.6,2.4
419,Fred VanVleet,TOR,1.1,76,1520,.290,.165,5.2,2.0,20.7,5.8,7.7
420,Frank Ntilikina,NYK,1.7,78,1706,.074,-.036,-1.3,-4.2,13.0,5.0,7.0
421,Frank Mason III,SAC,1.0,0,0,0,0,0,0,0,0,0
422,Frank Kaminsky,CHA,4.3,79,1835,.213,-.006,-.2,-3.3,22.8,7.5,3.4
423,Frank Jackson,NOR,1.0,0,0,0,0,0,0,0,0,0
424,Evan Turner,POR,3.0,79,2034,.175,.074,3.1,-.8,15.3,5.8,4.1
425,Evan Fournier,ORL,2.8,57,1837,.177,.076,2.9,-.7,26.5,4.7,4.3
426,Ersan Ilyasova,"ATL, PHI",4.0,69,1729,.301,.081,2.9,-.5,20.8,11.2,2.5
427,Erik McCree,"MIA, UTH",3.0,4,8,-.228,-.329,-.1,-13.3,0,6.0,0
428,Eric Moreland,DET,5.0,67,805,.471,.251,4.2,4.7,8.5,16.6,4.7
429,Eric Griffin,UTH,3.0,0,0,0,0,0,0,0,0,0
430,Eric Gordon,HOU,1.1,69,2154,.164,.039,1.7,-1.9,27.7,3.8,3.4
431,Eric Bledsoe,"PHO, MIL",1.0,74,2322,.272,.143,6.9,1.4,27.1,5.9,7.6
432,Enes Kanter,NYK,5.0,71,1830,.546,.326,12.4,7.1,26.2,20.5,2.8
433,Emmanuel Mudiay,"DEN, NYK",1.4,64,1245,.068,-.050,-1.3,-4.6,21.3,5.9,7.9
434,Emeka Okafor,"PHI, NOR",5.0,26,353,.438,.219,1.6,3.7,15.5,16.3,1.1
435,Elijah Millsap,PHO,2.5,0,0,0,0,0,0,0,0,0
436,Elfrid Payton,"ORL, PHO",1.4,63,1808,.259,.141,5.3,1.3,21.2,7.3,10.4
437,Ekpe Udoh,UTH,5.0,63,810,.435,.215,3.6,3.6,9.6,8.9,3.1
438,Edmond Sumner,IND,2.0,1,2,.845,.744,.0,20.1,48.0,24.0,0
439,Ed Davis,POR,4.5,78,1471,.488,.268,8.2,5.3,13.5,18.8,1.3
440,E'Twaun Moore,NOR,2.9,82,2586,.195,.094,5.0,-.2,19.0,4.4,3.5
441,Dwyane Wade,"CLE, MIA",1.4,67,1536,.147,.029,.9,-2.2,23.9,7.9,7.1
442,Dwight Powell,DAL,5.0,79,1672,.457,.237,8.3,4.3,19.3,12.7,2.6
443,Dwight Howard,CHA,5.0,81,2463,.418,.198,10.2,3.1,26.3,19.7,2.0
444,Dwight Buycks,DET,1.0,29,427,.072,-.056,-.5,-4.8,24.2,4.6,6.6
445,Dwayne Bacon,CHA,3.0,53,713,.102,.001,.0,-3.0,11.8,8.3,2.6
446,Durand Scott,MEM,2.0,0,0,0,0,0,0,0,0,0
447,Draymond Green,GSW,4.2,70,2287,.356,.137,6.5,1.2,16.2,11.2,10.7
448,Dragan Bender,PHO,4.0,82,2069,.159,-.060,-2.6,-5.0,12.3,8.4,3.0
449,Doug McDermott,"NYK, DAL",3.0,81,1768,.185,.084,3.1,-.5,17.1,5.4,2.1
450,Dorian Finney-Smith,DAL,3.0,21,448,.150,.049,.5,-1.6,13.2,8.0,2.8
451,Donovan Mitchell,UTH,1.6,79,2638,.160,.049,2.7,-1.6,29.4,5.4,5.3
452,Donald Sloan,WAS,1.0,0,0,0,0,0,0,0,0,0
453,Domantas Sabonis,IND,4.8,74,1810,.336,.116,4.4,.5,22.8,15.2,4.0
454,Dirk Nowitzki,DAL,4.7,77,1900,.305,.086,3.4,-.4,23.4,11.1,3.0
455,Dion Waiters,MIA,2.0,30,918,.044,-.057,-1.1,-4.9,22.4,4.0,5.9
456,Dillon Brooks,MEM,3.0,82,2350,.124,.023,1.1,-2.4,18.3,5.2,2.8
457,Diamond Stone,CHI,5.0,0,0,0,0,0,0,0,0,0
458,Deyonta Davis,MEM,5.0,62,943,.387,.167,3.3,2.1,18.3,12.7,2.0
459,Dewayne Dedmon,ATL,5.0,62,1542,.376,.156,5.0,1.8,19.2,15.2,2.8
460,Devin Robinson,WAS,3.0,1,13,.383,.282,.1,5.7,7.4,18.5,0
461,Devin Harris,"DAL, DEN",1.6,71,1340,.158,.046,1.3,-1.7,21.3,4.5,5.4
462,Devin Booker,PHO,2.0,54,1865,.123,.022,.9,-2.4,34.6,6.3,6.5
463,Derrick Williams,LAL,4.0,2,9,-.265,-.484,-.1,-18.1,10.7,5.3,0
464,Derrick White,SAS,1.0,17,139,.383,.255,.7,4.8,18.6,9.0,3.1
465,Derrick Walton Jr.,MIA,1.0,0,0,0,0,0,0,0,0,0
466,Derrick Rose,(3+),1.3,25,420,.021,-.100,-.9,-6.2,23.9,4.0,4.2
467,Derrick Jones Jr.,"PHO, MIA",2.9,20,245,.231,.129,.7,.9,12.0,7.4,1.8
468,Derrick Favors,UTH,4.6,77,2153,.417,.197,8.8,3.1,21.0,12.3,2.3
469,Denzel Valentine,CHI,2.9,77,2095,.218,.117,5.1,.6,17.9,9.0,5.6
470,"Dennis Smith, Jr.",DAL,1.2,69,2049,.070,-.053,-2.3,-4.7,24.6,6.1,8.4
471,Dennis Schroder,ATL,1.0,67,2078,.125,-.004,-.2,-3.2,30.1,4.8,9.6
472,Demetrius Jackson,"HOU, PHI",1.0,15,80,.114,-.015,.0,-3.5,9.6,7.2,5.4
473,Delon Wright,TOR,2.0,69,1433,.351,.250,7.5,4.7,18.6,6.6,6.7
474,Dejounte Murray,SAS,1.3,81,1743,.302,.182,6.6,2.6,18.0,12.6,6.4
475,DeQuan Jones,IND,2.5,0,0,0,0,0,0,0,0,0
476,DeMarre Carroll,BRK,3.4,73,2180,.262,.109,5.0,.3,21.6,10.5,3.2
477,DeMarcus Cousins,NOR,4.5,48,1737,.359,.140,5.0,1.3,33.4,17.1,7.1
478,DeMar DeRozan,TOR,2.1,80,2711,.250,.149,8.4,1.5,32.6,5.6,7.4
479,DeAndre' Bembry,ATL,2.0,26,455,.106,.005,.0,-2.9,14.3,7.6,5.2
480,DeAndre Liggins,(3+),3.0,58,724,.166,.065,1.0,-1.1,6.7,5.0,3.2
481,DeAndre Jordan,LAC,5.0,77,2424,.587,.367,18.6,8.3,18.4,23.2,2.3
482,De'Aaron Fox,SAC,1.0,73,2026,.073,-.056,-2.4,-4.8,20.0,4.8,7.6
483,Davon Reed,PHO,2.0,21,242,.037,-.064,-.3,-5.1,12.5,7.7,2.6
484,Davis Bertans,SAS,4.0,77,1086,.265,.046,1.0,-1.7,20.2,6.8,3.3
485,Davion Berry,TOR,2.0,0,0,0,0,0,0,0,0,0
486,David West,GSW,5.0,73,999,.384,.165,3.4,2.0,23.8,11.4,6.6
487,David Stockton,"SAC, UTH",1.0,3,9,.534,.405,.1,9.5,53.3,0,0
488,David Nwaba,CHI,3.0,70,1646,.251,.150,5.2,1.6,16.2,9.5,3.0
489,David Lee,SAS,4.5,0,0,0,0,0,0,0,0,0
490,Darrun Hilliard,SAS,3.0,14,95,.038,-.063,-.1,-5.0,8.1,3.5,5.6
491,Darren Collison,IND,1.0,69,2018,.357,.229,9.6,4.0,20.3,4.2,8.8
492,Darrell Arthur,DEN,4.0,19,141,.054,-.166,-.5,-8.2,18.4,5.1,3.1
493,Darius Miller,NOR,3.2,82,1944,.170,.042,1.7,-1.8,15.7,4.0,2.7
494,Dario Saric,PHI,4.0,78,2310,.308,.088,4.2,-.3,23.7,10.8,4.2
495,Danuel House,PHO,2.0,23,403,.237,.136,1.1,1.2,18.1,9.1,3.0
496,Dante Exum,UTH,1.0,14,235,.234,.105,.5,.2,23.3,5.3,8.8
497,Dante Cunningham,"NOR, BRK",4.3,73,1562,.254,.034,1.1,-2.0,12.8,9.2,1.5
498,Danny Green,SAS,3.0,70,1791,.216,.115,4.3,.5,16.1,6.7,2.9
499,Danilo Gallinari,LAC,3.2,21,671,.193,.067,.9,-1.0,23.0,7.2,2.9
500,Daniel Theis,BOS,5.0,63,936,.421,.202,3.9,3.2,17.0,14.1,2.9
501,Daniel Ochefu,BOS,5.0,0,0,0,0,0,0,0,0,0
502,Daniel Hamilton,OKC,3.0,6,28,.338,.237,.1,4.3,20.6,8.6,13.7
503,Daniel Dixon,BOS,2.0,0,0,0,0,0,0,0,0,0
504,Damyean Dotson,NYK,2.5,44,474,.203,.102,1.0,.1,18.4,8.5,3.1
505,Damjan Rudez,ORL,2.5,0,0,0,0,0,0,0,0,0
506,Damion Lee,ATL,2.0,15,404,.184,.083,.7,-.5,19.1,8.4,3.4
507,Damien Wilkins,IND,2.5,0,0,0,0,0,0,0,0,0
508,Damian Lillard,POR,1.1,73,2670,.364,.238,13.2,4.3,35.3,5.8,8.6
509,Damian Jones,GSW,5.0,15,89,.083,-.136,-.3,-7.3,13.5,7.6,1.1
510,Dakari Johnson,OKC,5.0,31,161,.379,.159,.5,1.9,16.4,10.1,2.4
511,D.J. Wilson,MIL,4.0,22,71,.223,.003,.0,-3.0,14.2,6.8,2.0
512,D.J. Augustin,ORL,1.0,75,1760,.270,.141,5.2,1.3,20.9,4.4,7.8
513,D'Angelo Russell,BRK,1.0,48,1234,.103,-.026,-.7,-3.9,28.9,7.4,9.7
514,Cristiano Felicio,CHI,5.0,55,977,.308,.088,1.8,-.3,15.1,11.4,2.7
515,Courtney Lee,NYK,2.0,76,2310,.222,.121,5.8,.7,19.0,4.7,3.7
516,Cory Joseph,IND,1.2,82,2210,.207,.084,3.9,-.5,14.1,5.7,5.6
517,Corey Brewer,"LAL, OKC",2.6,72,1208,.225,.124,3.1,.8,15.1,6.1,2.6
518,Cole Aldrich,MIN,5.0,21,49,.070,-.150,-.2,-7.7,11.8,14.7,2.9
519,Cody Zeller,CHA,5.0,33,627,.381,.161,2.1,1.9,17.8,13.6,2.4
520,Clint Capela,HOU,5.0,74,2034,.599,.379,16.1,8.7,24.2,18.9,1.6
521,Cliff Alexander,NOR,4.0,0,0,0,0,0,0,0,0,0
522,Chris Wright,OKC,3.5,0,0,0,0,0,0,0,0,0
523,Chris Paul,HOU,1.0,58,1847,.444,.315,12.1,6.7,28.1,8.1,11.9
524,Chris McCullough,WAS,4.0,19,90,.220,.001,.0,-3.1,24.5,13.3,2.1
525,Chris Johnson,HOU,2.5,0,0,0,0,0,0,0,0,0
526,Chris Boucher,GSW,5.0,1,1,-.996,-1.216,.0,-40.9,0,48.0,0
527,Chinanu Onuaku,HOU,5.0,1,22,-.131,-.350,-.2,-14.0,8.7,8.7,2.2
528,Cheick Diallo,NOR,4.0,52,581,.401,.181,2.2,2.6,21.0,17.4,1.6
529,Charles Cooke,NOR,2.0,13,38,-.316,-.417,-.3,-16.0,7.6,2.5,1.3
530,Channing Frye,"CLE, LAL",5.0,53,695,.269,.050,.7,-1.5,18.2,9.3,2.6
531,Chandler Parsons,MEM,3.4,36,691,.243,.089,1.3,-.3,19.7,6.3,4.8
532,Cedi Osman,CLE,3.0,61,672,.206,.105,1.5,.2,17.0,8.6,2.9
533,Carrick Felix,WAS,2.5,0,0,0,0,0,0,0,0,0
534,Carmelo Anthony,OKC,3.9,78,2501,.128,-.081,-4.2,-5.6,24.2,8.7,2.0
535,Caris LeVert,BRK,3.0,71,1864,.194,.093,3.6,-.2,22.1,6.7,7.7
536,Cameron Payne,CHI,2.0,25,582,.216,.115,1.4,.5,18.2,5.7,9.3
537,Cameron Oliver,HOU,3.0,0,0,0,0,0,0,0,0,0
538,Caleb Swanigan,POR,4.0,27,189,.110,-.110,-.4,-6.5,15.5,13.7,3.6
539,C.J. Williams,LAC,3.0,38,707,.150,.049,.7,-1.6,14.2,3.8,2.9
540,C.J. Wilcox,POR,2.0,0,0,0,0,0,0,0,0,0
541,C.J. Miles,TOR,3.0,70,1337,.148,.047,1.3,-1.6,25.1,5.5,2.0
542,C.J. McCollum,POR,2.0,81,2923,.185,.084,5.1,-.5,28.4,5.3,4.5
543,C.J. Fair,"IND, CHI",4.0,0,0,0,0,0,0,0,0,0
544,Buddy Hield,SAC,2.6,80,2024,.207,.106,4.5,.2,25.6,7.3,3.7
545,Bryn Forbes,SAS,1.0,80,1517,.117,-.011,-.4,-3.4,17.6,3.5,2.5
546,Bryce Alford,OKC,1.0,0,0,0,0,0,0,0,0,0
547,Bruno Caboclo,"TOR, SAC",4.0,12,107,.147,-.073,-.2,-5.4,11.7,9.9,2.2
548,Brook Lopez,LAL,5.0,74,1735,.220,.000,.0,-3.1,26.6,8.1,3.5
549,Bronson Koenig,CHI,2.0,0,0,0,0,0,0,0,0,0
550,Brice Johnson,(3+),4.0,18,98,.358,.138,.3,1.2,21.1,15.2,1.0
551,Briante Weber,(3+),1.0,18,237,.268,.139,.7,1.2,10.1,7.1,4.5
552,Brandon Rush,"MIL, POR",2.5,0,0,0,0,0,0,0,0,0
553,Brandon Paul,SAS,2.0,64,576,.153,.052,.6,-1.4,12.3,5.7,3.1
554,Brandon Knight,PHO,1.5,0,0,0,0,0,0,0,0,0
555,Brandon Jennings,MIL,1.0,14,205,.175,.047,.2,-1.6,17.1,7.3,10.3
556,Brandon Ingram,LAL,3.0,59,1975,.185,.084,3.5,-.5,23.1,7.6,5.6
557,Brandon Ashley,DAL,4.0,0,0,0,0,0,0,0,0,0
558,Brandan Wright,"MEM, HOU",4.0,28,381,.467,.247,2.0,4.6,17.5,12.0,1.6
559,Bradley Beal,WAS,2.1,82,2977,.220,.119,7.4,.6,29.9,5.9,6.0
560,Bojan Bogdanovic,IND,3.0,80,2464,.213,.112,5.7,.4,22.2,5.3,2.3
561,Bogdan Bogdanovic,SAC,1.7,78,2175,.188,.079,3.6,-.6,20.2,4.9,5.7
562,Bobby Portis,CHI,4.0,73,1643,.326,.106,3.6,.2,28.2,14.5,3.6
563,Bobby Brown,HOU,2.0,20,115,-.115,-.216,-.5,-9.8,20.9,2.9,4.6
564,Boban Marjanovic,"DET, LAC",5.0,39,337,.504,.284,2.0,5.8,33.5,20.5,3.1
565,Blake Griffin,"LAC, DET",4.5,58,1970,.255,.035,1.5,-2.0,30.3,10.4,8.1
566,Bismack Biyombo,ORL,5.0,82,1495,.368,.148,4.6,1.5,15.0,15.0,2.1
567,Beno Udrih,DET,1.0,0,0,0,0,0,0,0,0,0
568,Ben Simmons,PHI,1.0,81,2732,.418,.289,16.5,5.9,22.5,11.6,11.6
569,Ben Moore,IND,4.0,2,9,-.005,-.225,.0,-10.1,0,5.3,5.3
570,Ben McLemore,MEM,2.8,56,1091,.115,.014,.3,-2.6,18.6,6.1,2.2
571,Bam Adebayo,MIA,4.6,69,1368,.387,.167,4.8,2.1,16.7,13.4,3.5
572,Avery Bradley,"DET, LAC",1.9,46,1433,.034,-.070,-2.1,-5.3,22.0,3.9,3.1
573,Austin Rivers,LAC,1.7,61,2057,.134,.026,1.1,-2.3,21.5,3.4,5.6
574,Arron Afflalo,ORL,2.5,53,682,.087,-.014,-.2,-3.5,12.6,4.6,2.1
575,Aron Baynes,BOS,5.0,81,1485,.287,.067,2.1,-1.0,15.6,14.0,3.0
576,Archie Goodwin,POR,1.5,0,0,0,0,0,0,0,0,0
577,Antonius Cleveland,"DAL, ATL",2.0,17,123,.091,-.010,.0,-3.4,9.0,5.5,.8
578,Antonio Blakeney,CHI,1.0,19,314,.015,-.114,-.7,-6.6,23.1,5.0,3.1
579,Anthony Tolliver,DET,3.8,79,1757,.307,.108,3.9,.3,19.2,6.6,2.5
580,Anthony Morrow,POR,2.5,0,0,0,0,0,0,0,0,0
581,Anthony Davis,NOR,5.0,75,2727,.480,.261,14.8,5.0,37.1,14.6,3.1
582,Anthony Brown,MIN,3.0,1,4,1.022,.921,.1,25.6,36.0,0,12.0
583,Ante Zizic,CLE,5.0,32,214,.522,.303,1.3,6.3,26.7,13.5,1.1
584,Andrew Wiggins,MIN,3.0,82,2979,.102,.001,.1,-3.0,23.4,5.8,2.6
585,Andrew White III,"BOS, ATL",3.0,15,209,.060,-.041,-.2,-4.3,15.8,7.8,1.4
586,Andrew Harrison,MEM,1.0,56,1326,.171,.042,1.2,-1.8,19.3,4.7,6.4
587,Andrew Bogut,LAL,5.0,23,216,.420,.200,.9,3.2,8.0,17.3,3.3
588,Andre Roberson,OKC,2.5,39,1037,.337,.236,5.1,4.3,9.0,8.6,2.1
589,Andre Ingram,LAL,4.0,2,64,.370,.151,.2,1.6,18.0,4.5,5.3
590,Andre Iguodala,GSW,3.0,64,1622,.272,.171,5.8,2.2,11.4,7.3,6.2
591,Andre Drummond,DET,5.0,78,2625,.579,.359,19.7,8.1,21.4,22.8,4.3
592,Amir Johnson,PHI,5.0,74,1171,.411,.191,4.7,2.9,14.0,13.5,4.8
593,Amile Jefferson,MIN,4.0,0,0,0,0,0,0,0,0,0
594,Allen Crabbe,BRK,2.0,75,2197,.184,.083,3.8,-.5,21.6,7.1,2.6
595,Alfonzo McKinnie,TOR,4.0,14,53,.178,-.042,.0,-4.4,19.0,6.3,.9
596,Alexis Ajinca,NOR,5.0,0,0,0,0,0,0,0,0,0
597,Alex Poythress,IND,4.0,25,104,.169,-.050,-.1,-4.6,12.0,7.8,.9
598,Alex Len,PHO,5.0,69,1395,.489,.269,7.8,5.3,20.2,17.8,2.8
599,Alex Caruso,LAL,2.0,37,562,.196,.094,1.1,-.1,11.4,5.6,6.4
600,Alex Abrines,OKC,2.0,75,1134,.183,.082,1.9,-.5,14.9,4.8,1.2
601,Alec Peters,PHO,4.0,20,225,.197,-.023,-.1,-3.8,17.5,7.9,2.6
602,Alec Burks,UTH,2.0,64,1059,.191,.089,2.0,-.3,22.4,8.7,3.0
603,Alan Williams,PHO,4.0,5,70,.201,-.018,.0,-3.6,13.7,15.1,5.5
604,Al-Farouq Aminu,POR,3.5,69,2072,.317,.154,6.7,1.7,14.9,12.2,1.9
605,Al Jefferson,IND,5.0,36,484,.362,.142,1.4,1.3,25.0,14.2,3.0
606,Al Horford,BOS,4.5,72,2277,.405,.185,8.8,2.7,19.5,11.2,7.1
607,Akil Mitchell,BRK,4.0,0,0,0,0,0,0,0,0,0
608,Adreian Payne,ORL,4.0,5,43,.453,.233,.2,4.2,23.4,10.0,0
609,Abdel Nader,BOS,4.0,48,522,.071,-.148,-1.6,-7.7,13.4,6.5,2.4
610,Aaron Harrison,DAL,2.0,9,233,.028,-.073,-.4,-5.3,12.4,4.9,2.3
611,Aaron Gordon,ORL,4.0,58,1909,.250,.030,1.2,-2.1,25.7,11.5,3.4
612,Aaron Brooks,MIN,1.0,32,189,.051,-.077,-.3,-5.5,19.0,4.3,5.1
613,A.J. Hammons,MIA,5.0,0,0,0,0,0,0,0,0,0
614,,,,,,,,,,,,
