,NAME,TM,POS,G,M,AJP48,WP48,WP,POP48,PTS,REB,AST
0,Zaza Pachulia,GSW,5.0,70,1268,.420,.208,5.5,3.4,16.1,15.4,5.0
1,Zach Randolph,MEM,4.1,73,1786,.272,.060,2.2,-1.2,27.6,16.1,3.3
2,Zach LaVine,MIN,2.0,47,1749,.163,.079,2.9,-.6,24.4,4.4,3.8
3,Yogi Ferrell,(3+),1.0,46,1197,.191,.080,2.0,-.6,18.5,4.4,6.9
4,Wilson Chandler,DEN,3.0,71,2197,.195,.111,5.1,.4,24.4,10.0,3.1
5,Willy Hernangomez,NYK,5.0,72,1325,.411,.199,5.5,3.1,21.3,18.1,3.5
6,Willie Reed,MIA,5.0,71,1031,.427,.215,4.6,3.6,17.4,15.5,1.2
7,Willie Cauley-Stein,SAC,4.4,75,1421,.294,.082,2.4,-.5,20.6,11.4,2.7
8,Will Barton,DEN,2.6,60,1705,.211,.127,4.5,.9,23.1,7.3,5.8
9,Wesley Matthews,DAL,2.4,73,2495,.171,.087,4.5,-.4,19.0,5.1,4.0
10,Wesley Johnson,LAC,3.0,68,810,.210,.126,2.1,.8,11.0,10.7,1.3
11,Wayne Selden Jr.,"NOR, MEM",2.2,14,236,.096,.012,.1,-2.7,14.4,3.3,2.6
12,Wayne Ellington,MIA,3.0,62,1500,.206,.122,3.8,.7,20.7,4.3,2.2
13,Walter Tavares,ATL,5.0,1,4,.295,.083,.0,-.5,26.7,13.3,0
14,Wade Baldwin IV,MEM,1.0,33,405,.063,-.047,-.4,-4.5,12.6,5.5,7.3
15,Vince Carter,MEM,2.9,73,1800,.244,.160,6.0,1.9,15.6,6.0,3.5
16,Victor Oladipo,OKC,2.0,67,2223,.175,.091,4.2,-.3,23.0,6.3,3.8
17,Udonis Haslem,MIA,5.0,17,130,.245,.033,.1,-2.0,11.4,13.3,2.2
18,Tyus Jones,MIN,1.0,60,774,.274,.164,2.6,2.0,13.0,4.2,9.6
19,Tyson Chandler,PHO,5.0,47,1298,.541,.329,8.9,7.2,14.7,19.9,1.1
20,Tyreke Evans,"NOR, SAC",3.0,40,788,.156,.072,1.2,-.8,25.0,8.3,7.6
21,Tyler Zeller,BOS,5.0,51,525,.271,.059,.6,-1.2,16.3,11.3,3.8
22,Tyler Ulis,PHO,1.0,61,1123,.144,.033,.8,-2.0,19.0,4.1,9.7
23,Tyler Johnson,MIA,1.3,73,2178,.247,.144,6.6,1.4,22.1,6.4,5.1
24,Tyler Ennis,"HOU, LAL",1.0,53,588,.100,-.011,-.1,-3.4,18.6,3.8,6.9
25,Ty Lawson,SAC,1.0,69,1732,.240,.129,4.7,.9,18.9,5.0,9.3
26,Troy Williams,"MEM, HOU",3.0,30,557,.143,.059,.7,-1.2,16.0,5.9,2.2
27,Troy Daniels,MEM,2.0,67,1183,.099,.015,.4,-2.6,22.4,4.0,1.8
28,Tristan Thompson,CLE,5.0,78,2336,.443,.231,11.3,4.1,12.9,14.8,1.6
29,Trey Lyles,UTH,4.0,71,1158,.134,-.078,-1.9,-5.5,18.2,9.7,2.9
30,Trey Burke,WAS,1.0,57,703,.095,-.016,-.2,-3.6,19.5,3.2,6.9
31,Trevor Booker,BRK,4.2,71,1754,.360,.148,5.4,1.5,19.4,15.7,3.8
32,Trevor Ariza,HOU,3.2,80,2773,.276,.170,9.8,2.2,16.2,7.9,3.0
33,Treveon Graham,CHA,2.0,27,189,.229,.145,.6,1.4,14.5,5.6,1.5
34,Tony Snell,MIL,2.1,80,2336,.209,.125,6.1,.8,14.0,5.1,2.0
35,Tony Parker,SAS,1.0,63,1587,.162,.051,1.7,-1.5,19.3,3.4,8.6
36,Tony Allen,MEM,1.5,71,1914,.282,.185,7.4,2.7,16.1,9.9,2.5
37,Toney Douglas,(3+),1.0,24,394,.172,.061,.5,-1.2,14.3,7.3,6.8
38,Tomas Satoransky,WAS,2.3,57,719,.180,.096,1.4,-.1,10.3,5.5,6.1
39,Tobias Harris,DET,3.8,82,2567,.260,.078,4.2,-.7,24.7,7.8,2.6
40,Timothe Luwawu-Cabarrot,PHI,3.0,69,1190,.086,.002,.0,-3.0,17.9,6.0,3.0
41,Timofey Mozgov,LAL,5.0,54,1104,.226,.014,.3,-2.6,17.4,11.6,1.9
42,Tim Quarterman,POR,2.0,16,80,.161,.077,.1,-.7,18.6,8.4,6.6
43,Tim Hardaway Jr.,ATL,2.0,79,2154,.200,.116,5.2,.5,25.5,5.0,4.1
44,Tim Frazier,NOR,1.0,65,1525,.216,.105,3.3,.2,14.6,5.4,10.5
45,Tiago Splitter,"ATL, PHI",5.0,8,76,.246,.034,.1,-2.0,24.6,13.9,2.5
46,Thon Maker,MIL,4.9,57,562,.243,.031,.4,-2.1,19.3,9.7,1.8
47,Thomas Robinson,LAL,5.0,48,560,.386,.174,2.0,2.3,20.6,19.1,2.7
48,Thaddeus Young,IND,4.0,74,2237,.314,.102,4.8,.1,17.5,9.6,2.6
49,Thabo Sefolosha,ATL,3.0,62,1596,.287,.203,6.8,3.2,13.4,8.1,3.2
50,Terry Rozier,BOS,1.0,74,1263,.198,.087,2.3,-.4,15.6,8.6,4.9
51,Terrence Ross,"TOR, ORL",3.0,78,1955,.188,.104,4.2,.1,21.1,5.1,2.2
52,Terrence Jones,"NOR, MIL",4.0,54,1271,.274,.062,1.6,-1.2,22.1,11.6,2.2
53,Taurean Prince,ATL,3.6,59,981,.162,.008,.2,-2.8,16.4,7.6,2.6
54,Tarik Black,LAL,5.0,67,1091,.338,.126,2.9,.8,16.9,15.1,1.7
55,Taj Gibson,"CHI, OKC",4.0,78,1989,.282,.070,2.9,-.9,20.4,11.7,1.8
56,T.J. Warren,PHO,3.2,66,2048,.241,.128,5.4,.9,22.3,8.0,1.8
57,T.J. McConnell,PHI,1.0,81,2133,.307,.197,8.7,3.0,12.5,5.6,12.0
58,Steven Adams,OKC,5.0,80,2389,.396,.184,9.2,2.7,18.2,12.3,1.7
59,Steve Novak,MIL,4.0,8,22,-.048,-.260,-.1,-11.2,11.0,6.6,0
60,Stephen Zimmerman Jr.,ORL,5.0,19,108,.164,-.048,-.1,-4.6,10.2,15.6,1.8
61,Stephen Curry,GSW,1.0,79,2638,.362,.252,13.8,4.7,36.4,6.4,9.5
62,Stanley Johnson,DET,2.6,77,1371,.127,.043,1.2,-1.7,11.9,6.6,3.6
63,Spencer Hawes,"CHA, MIL",5.0,54,797,.289,.077,1.3,-.7,20.3,11.6,4.9
64,Spencer Dinwiddie,(3+),1.0,59,1334,.259,.149,4.2,1.6,15.6,5.9,6.7
65,Solomon Hill,NOR,3.0,80,2374,.186,.102,5.1,.1,11.4,6.1,2.9
66,Skal Labissiere,SAC,4.0,33,612,.299,.087,1.1,-.4,22.7,12.6,2.1
67,Shelvin Mack,UTH,1.0,55,1205,.147,.036,.9,-1.9,17.1,5.1,6.1
68,Sheldon McClellan,WAS,2.0,30,287,.179,.095,.6,-.1,15.1,5.7,2.5
69,Shawn Long,PHI,4.9,18,234,.465,.253,1.2,4.8,30.4,17.3,2.7
70,Shaun Livingston,GSW,1.1,76,1345,.202,.093,2.6,-.2,13.9,5.5,4.9
71,Shabazz Napier,POR,1.0,53,512,.182,.071,.8,-.9,20.4,5.6,6.3
72,Shabazz Muhammad,MIN,2.7,78,1516,.182,.098,3.1,.0,24.5,7.0,1.1
73,Seth Curry,DAL,1.1,70,2029,.254,.147,6.2,1.5,21.2,4.2,4.4
74,Sergio Rodriguez,PHI,1.0,68,1517,.157,.046,1.5,-1.6,16.8,5.1,10.9
75,Serge Ibaka,"ORL, TOR",4.1,79,2422,.272,.060,3.0,-1.2,23.2,10.6,1.5
76,Semaj Christon,OKC,1.0,64,973,.094,-.017,-.3,-3.6,9.0,4.4,6.4
77,Sean Kilpatrick,BRK,2.0,70,1754,.136,.052,1.9,-1.5,25.1,7.7,4.3
78,Sasha Vujacic,NYK,3.0,42,408,.092,.008,.1,-2.8,14.6,6.6,6.1
79,Sam Dekker,HOU,4.0,77,1419,.290,.078,2.3,-.6,17.0,9.6,2.5
80,Salah Mejri,DAL,5.0,73,905,.453,.241,4.5,4.4,11.3,16.4,.7
81,Ryan Kelly,ATL,5.0,16,110,.173,-.039,-.1,-4.3,10.9,7.8,3.5
82,Ryan Anderson,HOU,4.5,72,2116,.233,.021,.9,-2.4,22.3,7.4,1.6
83,Russell Westbrook,OKC,1.1,81,2802,.421,.313,18.3,6.7,43.8,14.9,14.4
84,Rudy Gobert,UTH,5.0,81,2744,.596,.384,22.0,8.9,19.9,18.1,1.7
85,Rudy Gay,SAC,3.6,30,1013,.236,.077,1.6,-.7,26.6,9.0,3.9
86,Roy Hibbert,(3+),5.0,48,682,.306,.094,1.3,-.2,15.5,10.8,1.5
87,Ronnie Price,PHO,1.0,14,134,.140,.029,.1,-2.2,5.0,3.9,6.4
88,Rondae Hollis-Jefferson,BRK,3.0,78,1762,.270,.186,6.8,2.7,18.4,12.3,4.2
89,Ron Baker,NYK,2.0,52,857,.107,.023,.4,-2.4,12.0,5.5,6.0
90,Rodney Stuckey,IND,1.0,39,696,.055,-.055,-.8,-4.8,19.4,5.8,5.8
91,Rodney McGruder,MIA,2.0,78,1966,.213,.129,5.3,.9,12.1,6.3,3.1
92,Rodney Hood,UTH,2.0,59,1593,.132,.048,1.6,-1.6,22.5,6.1,2.9
93,Robin Lopez,CHI,5.0,81,2271,.280,.068,3.2,-1.0,17.7,11.0,1.7
94,Robert Covington,PHI,3.2,67,2119,.240,.136,6.0,1.1,19.6,9.8,2.3
95,Ricky Rubio,MIN,1.0,75,2469,.324,.213,11.0,3.6,16.3,6.0,13.2
96,Richaun Holmes,PHI,5.0,57,1193,.392,.180,4.5,2.5,22.5,12.4,2.3
97,Richard Jefferson,CLE,3.0,79,1614,.163,.079,2.6,-.6,13.3,6.0,2.3
98,Reggie Williams,(3+),3.0,6,80,.204,.120,.2,.7,16.3,3.6,2.4
99,Reggie Jackson,DET,1.0,52,1424,.112,.002,.1,-3.0,25.3,3.8,9.1
100,Reggie Bullock,DET,2.0,31,467,.272,.188,1.8,2.8,14.5,6.7,3.0
101,Raymond Felton,LAC,1.0,80,1700,.183,.072,2.6,-.8,15.2,6.2,5.4
102,Ray McCallum,CHA,1.0,0,0,0,0,0,0,0,0,0
103,Raul Neto,UTH,1.0,40,346,.179,.068,.5,-1.0,13.9,4.2,4.7
104,Rashad Vaughn,MIL,1.0,41,459,.082,-.029,-.3,-4.0,14.9,5.1,2.4
105,Randy Foye,BRK,2.0,69,1284,.120,.036,1.0,-2.0,13.3,5.8,5.0
106,Ramon Sessions,CHA,1.2,50,811,.137,.032,.5,-2.1,18.5,4.4,7.6
107,Rakeem Christmas,IND,4.0,29,219,.262,.050,.2,-1.5,12.9,12.5,.9
108,Rajon Rondo,(3+),1.0,69,1843,.282,.172,6.6,2.3,14.0,9.4,12.0
109,R.J. Hunter,CHI,2.0,3,9,-.002,-.086,.0,-5.8,0,5.2,0
110,Quinn Cook,"DAL, NOR",1.0,14,187,.135,.024,.1,-2.3,20.2,1.8,6.7
111,Quincy Pondexter,NOR,2.5,0,0,0,0,0,0,0,0,0
112,Quincy Acy,"DAL, BRK",3.9,38,558,.222,.021,.2,-2.4,19.1,9.9,1.5
113,Pierre Jackson,DAL,1.0,9,84,.080,-.031,-.1,-4.0,19.9,5.1,10.8
114,Paul Zipser,CHI,3.2,44,843,.114,.003,.1,-3.0,13.7,7.1,2.0
115,Paul Pierce,LAC,3.0,25,277,.085,.001,.0,-3.0,14.0,8.3,1.7
116,Paul Millsap,ATL,4.0,69,2343,.284,.072,3.5,-.8,25.5,11.0,5.1
117,Paul George,IND,3.2,75,2689,.252,.145,8.1,1.4,31.7,8.8,4.5
118,Pau Gasol,SAS,5.0,64,1627,.425,.213,7.2,3.5,23.4,14.8,4.5
119,Patrick Patterson,TOR,4.0,65,1599,.268,.056,1.9,-1.3,13.4,8.7,2.3
120,Patrick Mills,SAS,1.0,80,1754,.256,.145,5.3,1.4,20.8,3.9,7.6
121,Patrick McCaw,GSW,2.0,71,1072,.183,.099,2.2,.0,12.6,4.6,3.5
122,Patrick Beverley,HOU,2.0,67,2058,.303,.219,9.4,3.7,14.9,9.2,6.6
123,Patricio Garino,ORL,2.0,5,43,-.224,-.308,-.3,-12.7,0,7.8,0
124,Pat Connaughton,POR,2.0,39,316,.280,.196,1.3,3.0,14.9,7.9,4.3
125,Pascal Siakam,TOR,4.0,55,859,.266,.054,1.0,-1.4,12.8,10.3,.9
126,P.J. Tucker,"PHO, TOR",3.0,81,2236,.291,.207,9.7,3.4,11.6,10.0,2.1
127,Otto Porter,WAS,3.2,80,2605,.385,.278,15.1,5.6,19.8,9.5,2.2
128,Omri Casspi,(3+),4.0,36,642,.207,-.005,-.1,-3.2,13.9,8.4,2.8
129,Omer Asik,NOR,5.0,31,482,.353,.141,1.4,1.3,8.3,16.1,1.5
130,Okaro White,MIA,4.0,35,471,.215,.003,.0,-3.0,10.0,8.5,2.1
131,Norris Cole,OKC,1.0,13,125,-.089,-.200,-.5,-9.3,16.5,4.2,5.4
132,Norman Powell,TOR,2.0,76,1368,.173,.089,2.5,-.3,22.3,5.9,2.8
133,Noah Vonleh,POR,4.0,74,1265,.295,.083,2.2,-.5,12.4,14.7,1.2
134,Nikola Vucevic,ORL,5.0,75,2163,.332,.120,5.4,.7,24.3,17.3,4.6
135,Nikola Pekovic,MIN,5.0,0,0,0,0,0,0,0,0,0
136,Nikola Mirotic,CHI,4.0,70,1679,.263,.051,1.8,-1.5,21.3,10.9,2.2
137,Nikola Jokic,DEN,5.0,73,2038,.535,.323,13.7,7.0,28.8,16.9,8.5
138,Nik Stauskas,PHI,2.1,80,2188,.137,.053,2.4,-1.4,16.6,4.9,4.1
139,Nicolas Laprovittola,SAS,1.0,18,174,.090,-.021,-.1,-3.7,16.3,2.8,7.7
140,Nicolas Brussino,DAL,3.0,54,521,.229,.145,1.6,1.4,13.8,8.7,4.3
141,Nicolas Batum,CHA,2.7,77,2617,.258,.174,9.5,2.3,21.3,8.9,8.3
142,Nick Young,LAL,2.4,60,1556,.169,.085,2.8,-.4,24.4,4.2,1.8
143,Nick Collison,OKC,4.0,20,128,.375,.163,.4,2.0,12.4,11.3,4.5
144,Nerlens Noel,"PHI, DAL",5.0,51,1047,.473,.261,5.7,5.0,20.4,13.6,2.3
145,Nene Hilario,HOU,5.0,67,1198,.369,.157,3.9,1.8,24.4,11.2,2.6
146,Nemanja Bjelica,MIN,4.0,65,1190,.194,-.018,-.4,-3.6,16.3,10.0,3.2
147,Myles Turner,IND,5.0,81,2541,.335,.123,6.5,.7,22.2,11.1,2.0
148,Montrezl Harrell,HOU,4.0,58,1064,.388,.176,3.9,2.4,23.8,9.9,2.9
149,Monta Ellis,IND,2.0,74,1998,.143,.059,2.5,-1.2,15.1,4.9,5.7
150,Mo Williams,(3+),1.5,0,0,0,0,0,0,0,0,0
151,Mirza Teletovic,MIL,4.0,70,1133,.079,-.133,-3.1,-7.2,19.1,6.9,2.0
152,Mindaugas Kuzminskas,NYK,3.0,68,1016,.165,.081,1.7,-.6,20.1,6.0,3.3
153,Miles Plumlee,"MIL, CHA",5.0,45,485,.191,-.021,-.2,-3.7,11.2,9.5,2.1
154,Mike Tobey,CHA,5.0,2,25,.004,-.208,-.1,-9.6,3.8,5.7,1.9
155,Mike Scott,"ATL, PHO",4.0,18,195,.103,-.109,-.4,-6.5,11.1,9.1,4.2
156,Mike Muscala,ATL,5.0,70,1237,.341,.129,3.3,.9,16.9,9.3,3.6
157,Mike Miller,DEN,3.0,20,151,.269,.185,.6,2.7,8.9,12.4,7.0
158,Mike Dunleavy,"CLE, ATL",2.4,53,830,.209,.125,2.2,.8,15.9,6.7,3.0
159,Mike Conley,MEM,1.0,69,2292,.371,.260,12.4,5.0,29.6,5.1,9.0
160,Michael Kidd-Gilchrist,CHA,3.1,81,2348,.319,.216,10.6,3.6,15.2,11.5,2.3
161,Michael Gbinije,DET,1.3,9,32,-.166,-.268,-.2,-11.4,6.1,4.6,3.0
162,Michael Carter-Williams,CHI,1.0,45,847,.099,-.012,-.2,-3.4,16.8,8.6,6.4
163,Michael Beasley,MIL,4.0,56,935,.246,.034,.7,-2.0,27.1,10.0,2.7
164,Meyers Leonard,POR,5.0,74,1222,.127,-.085,-2.2,-5.7,15.8,9.3,2.8
165,Metta World Peace,LAL,3.0,25,160,-.055,-.139,-.5,-7.4,17.1,6.0,3.3
166,Maurice Ndour,NYK,4.0,32,332,.234,.022,.2,-2.4,14.2,9.4,1.2
167,Maurice Harkless,POR,4.0,77,2223,.254,.042,1.9,-1.8,16.7,7.3,1.9
168,Matthew Dellavedova,MIL,1.0,76,1986,.126,.015,.6,-2.6,13.9,3.6,8.7
169,Matt Barnes,"SAC, GSW",3.0,74,1776,.212,.128,4.8,.9,14.2,10.3,5.3
170,Mason Plumlee,"POR, DEN",5.0,81,2148,.392,.180,8.0,2.5,18.8,13.7,6.3
171,Marvin Williams,CHA,4.0,76,2296,.281,.069,3.3,-.9,17.8,10.3,2.2
172,Marshall Plumlee,NYK,5.0,21,170,.319,.107,.4,.2,11.3,14.4,2.8
173,Marreese Speights,LAC,5.0,82,1286,.284,.072,1.9,-.8,26.5,14.0,2.5
174,Marquese Chriss,PHO,4.2,82,1743,.168,-.044,-1.6,-4.5,20.7,9.6,1.6
175,Markieff Morris,WAS,4.0,76,2374,.203,-.009,-.5,-3.4,21.5,9.9,2.6
176,Mario Hezonja,ORL,3.0,65,960,.056,-.028,-.6,-4.0,15.8,7.3,3.1
177,Marcus Thornton,"WAS, BRK",1.9,33,575,.119,.032,.4,-2.1,18.3,6.3,3.3
178,Marcus Smart,BOS,2.0,79,2400,.199,.114,5.7,.5,16.7,6.1,7.3
179,Marcus Morris,DET,3.0,79,2565,.162,.078,4.2,-.7,20.7,6.9,3.0
180,Marcus Georges-Hunt,"MIA, ORL",2.0,5,48,.251,.167,.2,2.1,14.1,9.1,3.0
181,Marco Belinelli,CHA,2.0,74,1778,.184,.100,3.7,.0,21.1,4.8,4.0
182,Marcin Gortat,WAS,4.9,82,2556,.394,.182,9.7,2.6,16.6,15.9,2.3
183,Marcelo Huertas,LAL,1.0,23,237,.099,-.012,-.1,-3.4,12.8,4.9,10.5
184,Marc Gasol,MEM,5.0,74,2531,.304,.092,4.8,-.2,27.4,8.7,6.4
185,Manu Ginobili,SAS,2.0,69,1292,.227,.143,3.8,1.4,19.2,5.9,6.8
186,Manny Harris,DAL,2.0,4,25,-.297,-.381,-.2,-14.9,15.5,17.4,3.9
187,Malik Beasley,DEN,2.0,22,165,.122,.038,.1,-1.9,24.2,4.9,3.2
188,Malcolm Delaney,ATL,1.0,73,1259,.063,-.047,-1.2,-4.5,14.9,4.8,7.4
189,Malcolm Brogdon,MIL,2.0,75,1982,.245,.160,6.6,1.9,18.6,5.1,7.7
190,Malachi Richardson,SAC,3.0,22,198,.074,-.010,.0,-3.4,19.1,5.6,2.7
191,Luol Deng,LAL,3.6,56,1482,.204,.039,1.2,-1.9,13.8,9.5,2.4
192,Luke Babbitt,MIA,3.9,68,1065,.177,-.018,-.4,-3.6,14.6,6.4,1.6
193,Luis Scola,BRK,4.0,36,461,.294,.082,.8,-.5,19.2,14.5,3.9
194,Lucas Nogueira,TOR,5.0,57,1088,.435,.223,5.1,3.8,11.2,10.7,1.9
195,Luc Richard Mbah a Moute,LAC,3.8,80,1787,.234,.053,2.0,-1.4,13.0,4.7,1.0
196,Lou Williams,"LAL, HOU",1.1,81,1993,.236,.128,5.3,.9,34.2,4.9,5.8
197,Leandro Barbosa,PHO,1.6,67,963,.105,.010,.2,-2.8,20.9,5.3,4.0
198,LeBron James,CLE,3.6,74,2795,.443,.278,16.2,5.6,33.6,11.0,11.1
199,Lavoy Allen,IND,4.0,61,871,.341,.129,2.3,.9,9.8,12.2,3.1
200,Larry Sanders,CLE,5.0,5,13,.017,-.195,-.1,-9.1,15.1,15.1,0
201,Larry Nance Jr.,LAL,4.0,63,1442,.385,.173,5.2,2.3,15.0,12.3,3.2
202,Langston Galloway,"NOR, SAC",1.2,74,1495,.126,.020,.6,-2.5,18.8,5.0,3.0
203,Lance Thomas,NYK,4.0,46,968,.155,-.057,-1.1,-4.8,13.6,7.2,1.7
204,Lance Stephenson,(3+),2.4,18,362,.109,.025,.2,-2.3,16.2,7.2,7.8
205,Lamar Patterson,ATL,2.0,5,40,-.220,-.304,-.3,-12.5,10.7,8.3,7.1
206,LaMarcus Aldridge,SAS,4.4,72,2335,.283,.071,3.5,-.9,25.6,10.9,2.9
207,Kyrie Irving,CLE,1.0,72,2525,.247,.136,7.2,1.2,34.5,4.3,8.0
208,Kyle Wiltjer,HOU,4.0,14,44,.121,-.091,-.1,-5.9,14.2,10.9,2.2
209,Kyle Singler,OKC,3.0,32,385,.135,.051,.4,-1.5,11.0,6.0,1.1
210,Kyle O'Quinn,NYK,4.0,79,1229,.457,.245,6.3,4.5,19.4,17.1,4.6
211,Kyle Lowry,TOR,1.0,60,2244,.376,.265,12.4,5.2,28.7,6.2,8.9
212,Kyle Korver,"ATL, CLE",2.3,67,1753,.236,.152,5.5,1.6,18.6,5.1,3.0
213,Kyle Anderson,SAS,3.0,72,1020,.344,.260,5.5,5.0,11.6,9.8,4.3
214,Kristaps Porzingis,NYK,4.7,66,2164,.218,.006,.3,-2.9,26.5,10.5,2.2
215,Kris Humphries,ATL,4.0,56,689,.309,.097,1.4,-.1,17.9,14.4,2.0
216,Kris Dunn,MIN,1.5,78,1333,.126,.028,.8,-2.2,10.6,5.9,6.8
217,Kosta Koufos,SAC,5.0,71,1419,.312,.100,3.0,.0,15.9,13.7,1.6
218,Klay Thompson,GSW,2.4,78,2651,.179,.095,5.3,-.1,31.5,5.2,2.9
219,Khris Middleton,MIL,3.0,29,889,.196,.112,2.1,.4,23.0,6.6,5.3
220,Kevon Looney,GSW,5.0,53,447,.346,.134,1.3,1.1,14.5,13.3,3.1
221,Kevin Seraphin,IND,4.9,49,559,.256,.044,.5,-1.7,19.9,12.3,2.0
222,Kevin Love,CLE,4.1,60,1885,.382,.170,6.7,2.2,29.1,17.0,3.0
223,Kevin Durant,GSW,3.7,62,2070,.487,.310,13.4,6.6,36.1,11.9,7.0
224,Kentavious Caldwell-Pope,DET,2.0,76,2529,.190,.106,5.6,.2,19.9,4.7,3.7
225,Kent Bazemore,ATL,2.8,73,1963,.144,.060,2.4,-1.2,19.6,5.6,4.3
226,Kenneth Faried,DEN,4.0,61,1296,.460,.248,6.7,4.6,21.7,17.0,2.0
227,Kemba Walker,CHA,1.0,79,2739,.255,.145,8.3,1.4,32.1,5.5,7.6
228,Kelly Oubre Jr.,WAS,3.0,79,1605,.159,.075,2.5,-.8,15.0,7.8,1.4
229,Kelly Olynyk,BOS,5.0,75,1538,.293,.081,2.6,-.6,21.2,11.2,4.6
230,Kay Felder,CLE,1.0,42,386,.035,-.076,-.6,-5.4,20.7,5.1,7.2
231,Kawhi Leonard,SAS,3.1,74,2475,.409,.313,16.2,6.7,36.6,8.3,5.0
232,Karl-Anthony Towns,MIN,5.0,82,3031,.441,.229,14.4,4.0,32.6,15.9,3.5
233,K.J. McDaniels,"HOU, BRK",3.0,49,506,.169,.085,.9,-.4,19.6,7.7,1.2
234,Jusuf Nurkic,"DEN, POR",5.0,65,1391,.309,.097,2.8,-.1,22.8,16.1,4.1
235,Justise Winslow,MIA,3.0,18,625,.064,-.020,-.3,-3.7,15.0,7.2,5.0
236,Justin Holiday,NYK,2.5,82,1639,.214,.130,4.4,1.0,18.4,6.6,3.0
237,Justin Harper,"DET, PHI",4.0,3,31,.037,-.175,-.1,-8.5,18.4,9.2,3.1
238,Justin Hamilton,BRK,5.0,64,1177,.286,.074,1.8,-.8,18.0,10.6,2.2
239,Justin Anderson,"DAL, PHI",3.0,75,1227,.239,.155,4.0,1.7,20.8,9.7,2.6
240,Julius Randle,LAL,4.3,74,2132,.277,.065,2.9,-1.0,22.0,14.3,5.9
241,Juancho Hernangomez,DEN,3.4,62,842,.301,.169,3.0,2.2,17.4,10.6,1.7
242,Jrue Holiday,NOR,1.5,67,2190,.254,.155,7.1,1.8,22.6,5.7,10.7
243,Josh Richardson,MIA,3.0,53,1614,.172,.088,3.0,-.3,16.0,5.0,4.1
244,Josh McRoberts,MIA,4.0,22,381,.200,-.012,-.1,-3.5,13.5,9.4,6.3
245,Josh Huestis,OKC,4.0,2,31,.700,.488,.3,12.1,21.7,14.0,4.7
246,Jose Calderon,(3+),1.0,41,539,.169,.059,.7,-1.2,12.6,6.5,7.8
247,Jordan Mickey,BOS,4.0,25,141,.238,.026,.1,-2.3,12.9,11.6,2.4
248,Jordan McRae,CLE,1.0,37,384,.047,-.064,-.5,-5.1,20.2,5.0,2.4
249,Jordan Hill,MIN,5.0,7,47,.094,-.118,-.1,-6.7,12.4,14.4,0
250,Jordan Farmar,SAC,2.0,2,35,.233,.149,.1,1.6,16.3,4.1,12.2
251,Jordan Crawford,"CHI, NOR",2.0,19,442,.185,.101,.9,.1,29.0,3.7,6.3
252,Jordan Clarkson,LAL,2.0,82,2393,.100,.016,.8,-2.6,24.1,4.9,4.3
253,Jonathon Simmons,SAS,2.0,78,1393,.130,.046,1.3,-1.7,16.6,5.5,4.3
254,Jonathan Gibson,DAL,1.0,17,231,.015,-.096,-.5,-6.1,22.0,4.6,5.6
255,Jonas Valanciunas,TOR,5.0,80,2066,.446,.234,10.1,4.2,22.3,17.7,1.3
256,Jonas Jerebko,BOS,4.0,78,1232,.267,.055,1.4,-1.4,11.7,10.6,2.8
257,Jon Leuer,DET,4.0,75,1944,.276,.064,2.6,-1.1,19.0,10.0,2.7
258,Johnny O'Bryant III,"DEN, CHA",4.0,0,0,0,0,0,0,0,0,0
259,John Wall,WAS,1.0,78,2836,.308,.198,11.7,3.1,30.6,5.6,14.0
260,John Lucas III,MIN,1.0,0,0,0,0,0,0,0,0,0
261,John Jenkins,PHO,2.0,4,13,.269,.185,.0,2.7,26.0,3.7,3.7
262,John Henson,MIL,5.0,58,1123,.323,.111,2.6,.4,16.8,12.6,2.4
263,Joffrey Lauvergne,"OKC, CHI",5.0,70,980,.254,.042,.9,-1.8,18.4,12.3,3.4
264,Joel Embiid,PHI,5.0,31,786,.303,.091,1.5,-.3,38.3,14.8,4.0
265,Joel Bolomboy,UTH,4.0,12,53,.526,.314,.3,6.7,20.1,16.5,1.8
266,Joel Anthony,SAS,5.0,19,122,.390,.178,.5,2.4,9.8,12.2,1.2
267,Joe Young,IND,2.0,33,135,-.001,-.085,-.2,-5.7,24.1,6.0,5.3
268,Joe Johnson,UTH,2.3,78,1843,.217,.133,5.1,1.0,18.6,6.3,3.8
269,Joe Ingles,UTH,3.5,82,1972,.292,.140,5.7,1.3,14.1,6.4,5.5
270,Joe Harris,BRK,2.4,52,1138,.123,.039,.9,-1.9,18.0,6.2,2.3
271,Jodie Meeks,ORL,2.0,36,738,.189,.105,1.6,.2,21.2,5.0,2.9
272,Joakim Noah,NYK,5.0,46,1015,.461,.249,5.3,4.7,11.0,18.9,4.9
273,Jimmy Butler,CHI,3.0,76,2809,.410,.326,19.1,7.1,31.0,8.0,7.1
274,Jerryd Bayless,PHI,1.0,3,72,-.020,-.131,-.2,-7.1,22.2,8.1,8.7
275,Jerian Grant,CHI,1.0,63,1029,.235,.124,2.7,.8,17.3,5.2,5.6
276,Jeremy Lin,BRK,1.0,36,883,.256,.146,2.7,1.5,28.4,7.3,10.0
277,Jeremy Lamb,CHA,2.0,62,1143,.248,.164,3.9,2.0,25.3,11.0,3.1
278,Jerami Grant,"PHI, OKC",3.6,80,1531,.227,.066,2.1,-1.0,13.7,6.5,1.4
279,Jeff Withey,UTH,5.0,51,432,.468,.256,2.3,4.9,16.2,13.4,.8
280,Jeff Teague,IND,1.1,82,2657,.324,.216,12.0,3.6,22.7,6.0,11.5
281,Jeff Green,ORL,4.0,69,1534,.105,-.107,-3.4,-6.4,20.0,6.6,2.5
282,Jaylen Brown,BOS,3.5,78,1344,.158,.011,.3,-2.7,18.4,7.9,2.3
283,Jason Terry,MIL,1.0,74,1365,.218,.107,3.0,.3,10.8,3.8,3.5
284,Jason Smith,WAS,5.0,74,1068,.268,.056,1.3,-1.3,18.9,11.6,1.7
285,Jarrod Uthoff,DAL,4.0,9,115,.266,.054,.1,-1.4,16.7,9.6,3.8
286,Jarrett Jack,NOR,1.0,2,33,.161,.051,.0,-1.5,8.7,0,7.3
287,Jarnell Stokes,DEN,5.0,2,7,.831,.619,.1,16.2,22.2,14.8,14.8
288,Jarell Martin,MEM,5.0,42,558,.209,-.003,.0,-3.2,14.2,13.9,.7
289,Jarell Eddie,PHO,3.0,5,62,.146,.062,.1,-1.2,18.5,5.4,0
290,Jared Sullinger,"TOR, PHO",4.0,11,118,.003,-.209,-.5,-9.6,15.1,11.0,.8
291,Jared Dudley,PHO,4.0,64,1363,.223,.011,.3,-2.7,15.3,7.9,4.3
292,James Young,BOS,3.0,29,220,.219,.135,.6,1.1,14.8,5.7,.9
293,James Michael McAdoo,GSW,4.0,52,457,.292,.080,.8,-.6,15.4,9.5,2.0
294,James Jones,CLE,3.0,48,381,.225,.141,1.1,1.3,16.6,4.9,1.8
295,James Johnson,MIA,4.1,76,2085,.287,.075,3.3,-.7,22.4,8.7,6.4
296,James Harden,HOU,1.0,81,2947,.432,.322,19.7,6.9,38.4,10.8,14.8
297,James Ennis,MEM,3.0,64,1501,.269,.185,5.8,2.7,13.7,8.3,2.0
298,Jameer Nelson,DEN,1.0,75,2045,.171,.061,2.6,-1.2,16.1,4.4,9.0
299,Jamal Murray,DEN,1.7,82,1765,.099,.008,.3,-2.8,22.1,5.8,4.7
300,Jamal Crawford,LAC,3.0,82,2157,.094,.010,.5,-2.8,22.4,2.8,4.7
301,Jakob Poeltl,TOR,5.0,54,626,.325,.113,1.5,.4,12.6,12.6,.9
302,Jake Layman,POR,3.0,35,249,-.044,-.128,-.7,-7.1,15.0,4.6,2.1
303,Jahlil Okafor,PHI,5.0,50,1134,.189,-.023,-.5,-3.8,25.0,10.2,2.5
304,Jae Crowder,BOS,3.0,72,2333,.309,.225,10.9,3.9,20.6,8.6,3.2
305,Jabari Parker,MIL,4.0,51,1728,.243,.031,1.1,-2.1,28.5,8.7,3.9
306,JaVale McGee,GSW,5.0,77,739,.500,.287,4.4,5.9,30.7,15.7,1.1
307,JaMychal Green,MEM,4.0,77,2101,.349,.137,6.0,1.2,15.7,12.4,1.9
308,J.R. Smith,CLE,2.0,41,1187,.118,.034,.9,-2.0,14.2,4.6,2.4
309,J.J. Redick,LAC,1.8,78,2198,.183,.095,4.4,-.1,25.6,3.7,2.4
310,J.J. Barea,DAL,1.0,35,771,.208,.097,1.6,.0,23.7,5.2,12.0
311,Ivica Zubac,LAL,5.0,38,609,.284,.072,.9,-.8,22.4,12.4,2.4
312,Ishmael Smith,DET,1.0,81,1955,.223,.112,4.6,.4,18.6,5.7,10.3
313,Isaiah Whitehead,BRK,1.0,73,1639,.050,-.061,-2.1,-5.0,15.9,5.3,5.6
314,Isaiah Thomas,BOS,1.0,76,2569,.323,.212,11.4,3.5,41.1,3.8,8.4
315,Isaiah Taylor,HOU,1.0,4,52,-.006,-.117,-.1,-6.7,2.8,2.8,2.8
316,Isaiah Canaan,CHI,1.8,39,592,.105,.017,.2,-2.6,14.7,4.0,2.9
317,Iman Shumpert,CLE,1.9,76,1937,.163,.077,3.1,-.7,14.0,5.5,2.7
318,Ian Mahinmi,WAS,5.0,31,555,.368,.156,1.8,1.8,15.0,13.0,1.7
319,Ian Clark,GSW,2.0,77,1137,.178,.094,2.2,-.2,22.3,5.2,3.8
320,Hollis Thompson,"PHI, NOR",1.8,40,752,.152,.062,1.0,-1.1,13.1,7.0,2.2
321,Henry Ellenson,DET,4.7,19,146,.072,-.140,-.4,-7.4,19.7,13.5,2.3
322,Hassan Whiteside,MIA,5.0,77,2513,.500,.288,15.1,5.9,25.0,20.8,1.1
323,Harrison Barnes,DAL,4.0,79,2804,.187,-.025,-1.5,-3.9,26.0,6.8,2.0
324,Greivis Vasquez,BRK,2.0,3,39,.002,-.082,-.1,-5.6,8.7,2.5,6.2
325,Greg Monroe,MIL,5.0,81,1823,.379,.167,6.4,2.1,25.0,14.0,4.9
326,Gorgui Dieng,MIN,4.1,82,2653,.322,.110,6.1,.3,14.8,11.7,2.9
327,Gordon Hayward,UTH,3.0,73,2516,.322,.238,12.5,4.3,30.5,7.5,4.8
328,Goran Dragic,MIA,1.0,73,2459,.260,.149,7.7,1.6,28.9,5.4,8.3
329,Glenn Robinson III,IND,2.0,69,1427,.278,.194,5.8,3.0,14.1,8.3,1.6
330,Giannis Antetokounmpo,MIL,3.0,80,2845,.427,.339,20.1,7.5,30.9,11.8,7.3
331,Gerald Henderson,PHI,2.0,72,1667,.142,.058,2.0,-1.3,19.1,5.4,3.2
332,Gerald Green,BOS,3.0,47,538,.119,.035,.4,-2.0,23.4,7.6,2.9
333,Georgios Papagiannis,SAC,5.0,0,0,0,0,0,0,0,0,0
334,Georges Niang,IND,4.0,23,93,-.139,-.351,-.7,-14.0,10.9,8.8,2.6
335,George Hill,UTH,1.0,49,1544,.290,.179,5.8,2.5,25.8,5.2,6.3
336,Gary Payton II,MIL,1.0,6,99,.032,-.079,-.2,-5.5,9.7,5.8,6.3
337,Gary Neal,ATL,2.0,2,18,-.353,-.437,-.2,-16.7,10.5,2.6,2.6
338,Gary Harris,DEN,2.0,57,1782,.268,.184,6.8,2.6,22.9,4.9,4.4
339,Garrett Temple,SAC,2.9,65,1728,.213,.129,4.7,.9,14.1,5.1,4.7
340,Fred VanVleet,TOR,1.0,37,294,.103,-.007,.0,-3.3,17.5,6.7,5.7
341,Frank Kaminsky,CHA,5.0,75,1954,.161,-.051,-2.1,-4.7,21.5,8.4,4.0
342,Festus Ezeli,POR,5.0,0,0,0,0,0,0,0,0,0
343,Evan Turner,POR,3.0,65,1659,.165,.081,2.8,-.6,17.0,7.1,5.9
344,Evan Fournier,ORL,2.1,68,2234,.134,.050,2.3,-1.5,25.1,4.5,4.3
345,Ersan Ilyasova,(3+),4.2,82,2142,.232,.020,.9,-2.5,24.0,10.8,3.1
346,Eric Gordon,HOU,2.2,75,2324,.130,.046,2.2,-1.7,25.1,4.2,3.9
347,Eric Bledsoe,PHO,1.0,66,2176,.262,.152,6.9,1.6,30.7,7.1,9.2
348,Enes Kanter,OKC,4.5,72,1533,.407,.195,6.2,3.0,32.3,15.1,2.1
349,Emmanuel Mudiay,DEN,1.0,55,1406,.070,-.041,-1.2,-4.4,20.6,6.1,7.4
350,Elijah Millsap,PHO,3.0,2,23,-.156,-.240,-.1,-10.5,6.2,12.5,2.1
351,Elfrid Payton,ORL,1.4,82,2412,.285,.185,9.3,2.7,20.8,7.8,10.5
352,Ed Davis,POR,4.8,46,789,.315,.103,1.7,.1,12.2,14.8,1.6
353,E'Twaun Moore,NOR,2.0,73,1820,.165,.081,3.1,-.6,18.5,4.0,4.3
354,Dwyane Wade,CHI,2.0,60,1792,.169,.085,3.2,-.4,29.4,7.3,6.1
355,Dwight Powell,DAL,5.0,77,1334,.387,.175,4.9,2.4,18.6,11.1,1.8
356,Dwight Howard,ATL,5.0,74,2199,.543,.331,15.2,7.2,21.9,20.5,2.2
357,Draymond Green,GSW,4.2,76,2471,.397,.185,9.5,2.7,15.1,11.6,10.3
358,Dragan Bender,PHO,5.0,43,569,.075,-.137,-1.6,-7.3,12.3,8.8,1.9
359,Doug McDermott,"CHI, OKC",2.6,66,1508,.163,.079,2.5,-.6,18.8,5.7,1.9
360,Dorian Finney-Smith,DAL,3.1,81,1642,.189,.098,3.4,.0,10.2,6.5,2.0
361,Donatas Motiejunas,NOR,4.0,34,479,.165,-.047,-.5,-4.5,15.0,10.3,3.4
362,Domantas Sabonis,OKC,4.0,81,1632,.100,-.112,-3.8,-6.6,14.1,8.4,2.4
363,Dirk Nowitzki,DAL,4.3,54,1424,.233,.021,.6,-2.4,25.9,11.8,2.8
364,Dion Waiters,MIA,2.0,46,1384,.127,.043,1.2,-1.8,25.3,5.3,7.0
365,Diamond Stone,LAC,5.0,7,24,-.356,-.568,-.3,-20.7,19.8,11.9,0
366,Deyonta Davis,MEM,5.0,36,238,.299,.087,.4,-.4,11.7,12.1,.4
367,Dewayne Dedmon,SAS,5.0,76,1330,.488,.276,7.6,5.5,14.0,17.8,1.6
368,Devin Harris,DAL,2.0,65,1087,.212,.128,2.9,.9,19.3,5.6,6.0
369,Devin Booker,PHO,2.2,78,2731,.052,-.032,-1.8,-4.1,30.3,4.4,4.7
370,Derrick Williams,"MIA, CLE",4.0,50,805,.173,-.039,-.7,-4.3,18.1,7.7,1.7
371,Derrick Rose,NYK,1.0,64,2082,.168,.057,2.5,-1.3,26.6,5.6,6.5
372,Derrick Jones Jr.,PHO,3.0,0,0,0,0,0,0,0,0,0
373,Derrick Favors,UTH,4.7,50,1186,.306,.094,2.3,-.2,19.3,12.3,2.2
374,Deron Williams,"DAL, CLE",1.7,64,1657,.166,.074,2.6,-.8,20.3,4.3,10.4
375,Denzel Valentine,CHI,2.0,57,977,.123,.039,.8,-1.9,14.3,7.4,3.1
376,Dennis Schroeder,ATL,1.0,79,2485,.155,.045,2.3,-1.7,27.3,4.8,9.7
377,Demetrius Jackson,BOS,1.0,5,17,.773,.662,.2,17.5,28.2,11.3,8.5
378,Delon Wright,TOR,1.0,27,445,.288,.178,1.6,2.4,16.2,5.1,6.1
379,Dejounte Murray,SAS,1.0,38,322,.069,-.042,-.3,-4.4,19.4,6.3,7.3
380,DeMarre Carroll,TOR,3.4,72,1881,.234,.095,3.7,-.1,16.3,7.1,1.9
381,DeMarcus Cousins,"SAC, NOR",5.0,72,2465,.332,.120,6.1,.6,37.8,15.5,6.5
382,DeMar DeRozan,TOR,2.4,74,2620,.223,.139,7.6,1.2,37.0,7.1,5.3
383,DeAndre' Bembry,ATL,3.0,38,371,.185,.101,.8,.1,13.1,7.6,3.8
384,DeAndre Liggins,CLE,2.0,61,752,.169,.085,1.3,-.4,9.2,6.4,3.4
385,DeAndre Jordan,LAC,5.0,81,2570,.602,.390,20.9,9.0,19.2,20.8,1.8
386,Davis Bertans,SAS,4.0,67,808,.258,.046,.8,-1.7,18.0,5.8,2.7
387,David West,GSW,5.0,68,854,.354,.142,2.5,1.3,17.8,11.3,8.5
388,David Nwaba,LAL,2.0,20,397,.261,.177,1.5,2.4,14.5,7.5,1.7
389,David Lee,SAS,4.0,79,1477,.448,.236,7.3,4.3,18.7,14.3,4.0
390,Darrun Hilliard,DET,2.0,39,381,-.004,-.088,-.7,-5.8,16.0,4.2,4.3
391,Darren Collison,SAC,1.0,68,2063,.219,.108,4.6,.3,20.9,3.6,7.3
392,Darrell Arthur,DEN,4.7,41,639,.211,-.001,.0,-3.1,19.7,8.3,3.2
393,Dario Saric,PHI,4.0,81,2129,.158,-.054,-2.4,-4.8,23.4,11.6,4.1
394,Danuel House,WAS,3.0,1,1,1.105,1.021,.0,28.7,0,60.0,0
395,Dante Exum,UTH,1.3,66,1228,.103,.001,.0,-3.1,16.1,5.2,4.3
396,Dante Cunningham,NOR,4.0,66,1649,.265,.053,1.8,-1.4,12.7,8.1,1.0
397,Danny Green,SAS,2.4,68,1807,.236,.152,5.7,1.6,13.2,5.9,3.3
398,Danilo Gallinari,DEN,4.0,63,2134,.279,.067,3.0,-1.0,25.8,7.2,3.1
399,Daniel Ochefu,WAS,5.0,19,75,.066,-.146,-.2,-7.6,15.4,14.1,1.9
400,Damjan Rudez,ORL,4.0,45,314,.081,-.131,-.9,-7.1,12.6,4.0,3.1
401,Damian Lillard,POR,1.0,75,2693,.292,.182,10.2,2.6,36.1,6.5,7.8
402,Damian Jones,GSW,5.0,10,85,.150,-.062,-.1,-5.0,10.7,13.0,0
403,D.J. Augustin,ORL,1.0,78,1538,.120,.009,.3,-2.8,19.2,3.7,6.6
404,D'Angelo Russell,LAL,1.0,63,1810,.135,.024,.9,-2.3,26.1,5.9,8.0
405,Cristiano Felicio,CHI,5.0,66,1040,.424,.212,4.6,3.5,14.6,14.3,1.8
406,Courtney Lee,NYK,1.9,77,2459,.222,.135,6.9,1.1,16.3,5.1,3.5
407,Cory Joseph,TOR,1.5,80,2003,.206,.109,4.5,.3,17.7,5.6,6.4
408,Corey Brewer,"HOU, LAL",3.0,82,1281,.149,.065,1.7,-1.1,13.9,6.2,3.7
409,Cole Aldrich,MIN,5.0,62,531,.387,.175,1.9,2.4,9.5,14.2,2.3
410,Cody Zeller,CHA,4.3,62,1726,.370,.158,5.7,1.8,17.8,11.3,2.8
411,Clint Capela,HOU,5.0,65,1551,.475,.263,8.5,5.1,25.3,16.3,2.0
412,Christian Wood,CHA,4.0,13,107,.373,.161,.4,1.9,15.7,13.0,.9
413,Chris Paul,LAC,1.0,61,1921,.486,.375,15.0,8.6,27.6,7.6,14.1
414,Chris McCullough,"BRK, WAS",4.9,16,80,.279,.067,.1,-1.0,21.5,11.9,1.2
415,Chris Bosh,MIA,4.5,0,0,0,0,0,0,0,0,0
416,Chris Andersen,"CLE, CHA",5.0,12,114,.293,.081,.2,-.5,11.8,13.1,2.1
417,Chinanu Onuaku,HOU,5.0,5,52,.359,.147,.2,1.5,13.0,9.3,2.8
418,Cheick Diallo,NOR,4.0,17,199,.361,.149,.6,1.5,21.0,17.6,1.0
419,Chasson Randle,"PHI, NYK",1.0,26,299,.179,.068,.4,-1.0,22.0,5.6,5.5
420,Channing Frye,CLE,5.0,74,1398,.278,.066,1.9,-1.0,23.2,10.0,1.5
421,Chandler Parsons,MEM,3.4,34,675,.095,-.046,-.6,-4.5,14.9,6.0,3.9
422,Cenk Akyol,ATL,1.5,0,0,0,0,0,0,0,0,0
423,Carmelo Anthony,NYK,3.3,74,2538,.144,.023,1.2,-2.4,31.4,8.3,4.0
424,Caris LeVert,BRK,3.0,57,1237,.224,.140,3.6,1.3,18.2,7.3,4.3
425,Cameron Payne,"OKC, CHI",1.0,31,462,-.056,-.167,-1.6,-8.3,16.6,5.0,5.7
426,C.J. Wilcox,ORL,2.0,22,108,-.025,-.109,-.2,-6.5,9.4,5.3,5.3
427,C.J. Watson,ORL,1.0,62,1012,.157,.047,1.0,-1.6,13.3,4.2,5.5
428,C.J. Miles,IND,3.0,76,1776,.211,.127,4.7,.9,22.0,6.2,1.3
429,C.J. McCollum,POR,1.7,80,2796,.220,.129,7.5,.9,31.5,5.0,4.9
430,Buddy Hield,"NOR, SAC",2.3,82,1888,.136,.052,2.1,-1.4,22.0,6.9,3.1
431,Bryn Forbes,SAS,1.6,36,285,.020,-.076,-.4,-5.4,15.8,3.9,4.0
432,Bruno Caboclo,TOR,4.0,9,40,.275,.063,.1,-1.1,16.7,11.9,4.8
433,Brook Lopez,BRK,5.0,75,2222,.239,.027,1.3,-2.2,33.2,8.7,3.8
434,Brice Johnson,LAC,4.0,3,9,.119,-.093,.0,-6.0,20.9,15.7,5.2
435,Briante Weber,"GSW, CHA",1.0,20,205,.180,.070,.3,-.9,14.5,5.9,5.2
436,Brian Roberts,CHA,1.0,41,416,.122,.012,.1,-2.7,16.4,4.6,6.1
437,Brandon Rush,MIN,2.0,47,1030,.158,.074,1.6,-.8,9.2,4.7,2.1
438,Brandon Knight,PHO,2.0,54,1140,.056,-.028,-.7,-3.9,25.1,5.1,5.4
439,Brandon Jennings,"NYK, WAS",1.0,81,1802,.189,.078,2.9,-.6,15.4,5.2,10.5
440,Brandon Ingram,LAL,3.0,79,2279,.093,.009,.4,-2.8,15.6,6.7,3.5
441,Brandon Bass,LAC,4.0,52,577,.389,.177,2.1,2.4,24.3,10.7,1.7
442,Brandan Wright,MEM,5.0,28,447,.391,.179,1.7,2.5,20.3,8.3,1.6
443,Bradley Beal,WAS,2.0,77,2684,.241,.157,8.8,1.8,31.8,4.2,4.8
444,Boris Diaw,UTH,4.0,73,1283,.167,-.045,-1.2,-4.5,12.6,5.9,6.4
445,Bojan Bogdanovic,"BRK, WAS",3.9,81,2088,.153,-.049,-2.1,-4.6,25.6,6.4,2.6
446,Bobby Portis,CHI,4.4,64,1001,.294,.082,1.7,-.5,21.0,14.1,1.6
447,Bobby Brown,(3+),1.0,25,123,.029,-.082,-.2,-5.6,24.2,2.3,5.5
448,Boban Marjanovic,DET,5.0,35,293,.639,.427,2.6,10.2,31.3,21.3,1.5
449,Blake Griffin,LAC,4.0,61,2076,.345,.133,5.8,1.1,30.4,11.5,6.9
450,Bismack Biyombo,ORL,4.9,81,1793,.336,.124,4.6,.8,12.9,15.3,2.0
451,Beno Udrih,DET,1.0,39,560,.259,.149,1.7,1.6,19.5,4.9,11.3
452,Ben McLemore,SAC,2.0,61,1176,.079,-.005,-.1,-3.2,20.2,5.2,2.1
453,Ben Bentil,DAL,3.0,3,10,-.507,-.591,-.1,-21.5,0,9.7,0
454,Axel Toupane,"MIL, NOR",3.0,4,48,.098,.014,.0,-2.7,11.1,1.0,0
455,Avery Bradley,BOS,2.1,55,1835,.215,.131,5.0,1.0,23.4,8.8,3.1
456,Austin Rivers,LAC,2.0,74,2054,.113,.029,1.3,-2.2,20.8,3.8,4.7
457,Arron Afflalo,SAC,2.0,61,1580,.133,.049,1.6,-1.5,15.6,3.8,2.4
458,Aron Baynes,DET,5.0,75,1163,.324,.112,2.7,.4,15.1,13.7,1.3
459,Arinze Onuaku,ORL,4.0,8,28,.193,-.019,.0,-3.7,6.8,10.2,3.4
460,Archie Goodwin,(3+),2.1,15,214,.341,.257,1.1,4.9,24.7,6.3,5.4
461,Anthony Tolliver,SAC,4.0,65,1477,.246,.034,1.0,-2.0,15.0,7.6,2.5
462,Anthony Morrow,"OKC, CHI",2.0,49,714,.110,.026,.4,-2.3,18.2,2.1,1.7
463,Anthony Davis,NOR,4.9,75,2708,.418,.206,11.6,3.3,37.2,15.9,2.8
464,Anthony Brown,(3+),3.0,11,159,.131,.047,.2,-1.6,13.0,10.0,2.4
465,Anthony Bennett,BRK,4.0,23,264,.310,.098,.5,.0,20.9,14.2,2.0
466,Andrew Wiggins,MIN,3.0,82,3048,.091,.003,.2,-3.0,30.4,5.2,3.0
467,Andrew Nicholson,"WAS, BRK",4.3,38,342,.035,-.177,-1.3,-8.6,14.0,8.6,1.4
468,Andrew Harrison,MEM,2.0,72,1474,.126,.042,1.3,-1.8,13.8,4.5,6.4
469,Andrew Bogut,(3+),5.0,27,583,.345,.133,1.6,1.1,6.5,17.8,4.0
470,Andre Roberson,OKC,3.0,79,2376,.270,.187,9.2,2.7,10.5,8.1,1.6
471,Andre Iguodala,GSW,3.0,76,1998,.381,.297,12.4,6.2,13.8,7.4,6.3
472,Andre Drummond,DET,5.0,81,2409,.481,.269,13.5,5.3,22.0,22.3,1.8
473,Anderson Varejao,GSW,5.0,14,92,.295,.083,.2,-.5,9.4,14.1,5.2
474,Amir Johnson,BOS,4.0,80,1608,.373,.161,5.4,1.9,15.5,10.8,4.2
475,Alonzo Gee,DEN,3.0,13,89,.070,-.014,.0,-3.5,5.9,7.5,3.2
476,Allen Crabbe,POR,2.3,79,2254,.198,.114,5.4,.5,18.0,4.8,2.0
477,Alexis Ajinca,NOR,5.0,39,584,.278,.066,.8,-1.0,17.0,14.5,1.0
478,Alex Poythress,PHI,3.0,6,157,.236,.152,.5,1.6,19.6,8.6,1.5
479,Alex Len,PHO,5.0,77,1555,.320,.108,3.5,.3,18.9,15.6,1.4
480,Alex Abrines,OKC,2.2,68,1055,.148,.064,1.4,-1.1,18.5,3.8,1.8
481,Alec Burks,UTH,2.0,42,653,.147,.063,.9,-1.1,20.8,8.8,2.2
482,Alan Williams,PHO,4.0,47,708,.424,.212,3.1,3.5,23.5,19.7,1.6
483,Alan Anderson,LAC,3.0,30,308,.033,-.051,-.3,-4.7,13.4,3.7,1.7
484,Al-Farouq Aminu,POR,3.2,61,1773,.269,.158,5.8,1.8,14.4,12.2,2.7
485,Al Jefferson,IND,5.0,66,931,.254,.042,.8,-1.8,27.6,14.3,2.9
486,Al Horford,BOS,4.9,68,2193,.353,.141,6.4,1.3,20.8,10.1,7.4
487,Adreian Payne,MIN,4.0,18,135,.160,-.052,-.1,-4.7,22.4,11.7,2.5
488,Aaron Harrison,CHA,2.0,5,17,-.135,-.219,-.1,-9.9,2.9,8.7,8.7
489,Aaron Gordon,ORL,3.1,80,2298,.221,.121,5.8,.7,21.3,8.4,3.1
490,Aaron Brooks,IND,1.0,65,894,.078,-.033,-.6,-4.1,17.3,3.7,6.7
491,A.J. Hammons,DAL,5.0,22,163,.155,-.057,-.2,-4.9,14.1,10.9,1.2
